---------------------------
CO2 Emissions (Mt/year)
---------------------------
Year Global Mature Emerging
---------------------------
1850     54     54      .
1851     54     54      .
1852     57     57      .
1853     59     59      .
1854     69     70      .
1855     71     71      .
1856     76     76      .
1857     77     76      .
1858     78     77      .
1859     83     82      .
1860     91     90      .
1861     95     95      .
1862     97     96      .
1863    104    102      .
1864    112    110      .
1865    119    117      .
1866    122    120      .
1867    130    129      .
1868    135    133      .
1869    142    141      .
1870    147    144      .
1871    156    153      .
1872    173    169      .
1873    184    179      .
1874    174    167      .
1875    188    182      .
1876    191    182      .
1877    194    186      .
1878    196    187      .
1879    210    200      .
1880    236    226      .
1881    243    234      .
1882    256    247      .
1883    272    263      .
1884    275    265      .
1885    277    267      .
1886    281    271      .
1887    295    284      .
1888    327    315      .
1889    327    314      .
1890    356    342      .
1891    372    358      .
1892    374    361      3
1893    370    356      3
1894    383    368      4
1895    406    390      5
1896    419    402      5
1897    440    421      6
1898    465    444      7
1899    507    486      7
1900    534    514      7
1901    552    529      9
1902    566    541     10
1903    617    591     12
1904    624    596     13
1905    663    635     14
1906    707    661     20
1907    784    750     22
1908    750    716     25
1909    785    746     25
1910    819    784     26
1911    836    794     31
1912    879    836     27
1913    943    905     30
1914    850    818     31
1915    838    805     32
1916    901    869     35
1917    955    909     38
1918    936    895     41
1919    806    763     47
1920    932    887     57
1921    803    766     62
1922    845    808     61
1923    970    924     63
1924    963    922     66
1925    975    931     64
1926    983    915     64
1927   1062   1006     64
1928   1065   1003     70
1929   1145   1079     74
1930   1053    991     74
1931    940    884     68
1932    847    792     67
1933    893    835     71
1934    973    906     80
1935   1027    947     89
1936   1130   1044     94
1937   1209   1111    106
1938   1142   1036    107
1939   1192   1093    114
1940   1299   1195    117
1941   1334   1221    124
1942   1342   1233    114
1943   1391   1275    118
1944   1383   1257    127
1945   1160   1047    123
1946   1238   1129    145
1947   1392   1267    143
1948   1469   1343    140
1949   1419   1281    129
1950   1630   1467    125
1951   1767   1572    145
1952   1795   1579    161
1953   1841   1624    164
1954   1865   1643    183
1955   2042   1792    211
1956   2177   1902    230
1957   2270   1951    251
1958   2330   1932    331
1959   2454   1986    396
1960   2569   2086    426
1961   2580   2141    375
1962   2686   2243    361
1963   2833   2379    373
1964   2995   2502    393
1965   3130   2604    428
1966   3288   2714    461
1967   3393   2820    458
1968   3566   2957    500
1969   3780   3127    562
1970   4053   3335    656
1971   4208   3425    728
1972   4376   3582    767
1973   4614   3756    827
1974   4623   3711    851
1975   4596   3648    905
1976   4864   3823    973
1977   5016   3892   1037
1978   5074   4000   1115
1979   5357   4081   1173
1980   5301   4037   1192
1981   5138   3895   1193
1982   5094   3800   1251
1983   5075   3801   1298
1984   5258   3874   1375
1985   5417   3978   1463
1986   5583   3989   1532
1987   5725   4117   1608
1988   5936   4226   1721
1989   6066   4263   1780
1990   6096   4137   1813
1991   6171   4063   2036
1992   6110   4063   1997
1993   6104   4000   2123
1994   6208   3918   2232
1995   6344   3930   2342
1996   6491   4006   2449
1997   6589   3979   2494
1998   6571   3990   2422
1999   6559   4024   2495
2000   6727   4111   2604
2001   6886   4091   2666
2002   6946   4117   2752
2003   7367   4196   3055
2004   7735   4258   3365
2005   8025   4274   3562
2006   8307   4298   3817
2007   8488   4339   3998
2008   8738   4272   4250
2009   8641   3976   4443
2010   9137   4147   4840
2011   9508   4129   5205
2012   9671   4070   5422
2013   9776   4061   5464
2014   9840   4041   5575
2015   9857   3980   5643
---------------------------
