Solar forcing        
-------------
year   solar
-------------
1850  0.0000
1851  0.0013
1852  0.0022
1853 -0.0116
1854 -0.0340
1855 -0.0491
1856 -0.0538
1857 -0.0428
1858 -0.0142
1859  0.0199
1860  0.0316
1861  0.0157
1862 -0.0018
1863 -0.0132
1864 -0.0130
1865 -0.0254
1866 -0.0343
1867 -0.0487
1868 -0.0268
1869  0.0094
1870  0.0476
1871  0.0367
1872  0.0249
1873 -0.0066
1874 -0.0272
1875 -0.0488
1876 -0.0529
1877 -0.0524
1878 -0.0622
1879 -0.0667
1880 -0.0488
1881 -0.0288
1882 -0.0725
1883 -0.0538
1884 -0.0235
1885 -0.0402
1886 -0.0609
1887 -0.0668
1888 -0.0733
1889 -0.0750
1890 -0.0701
1891 -0.0334
1892 -0.0263
1893 -0.0023
1894  0.0212
1895  0.0015
1896 -0.0265
1897 -0.0496
1898 -0.0527
1899 -0.0597
1900 -0.0630
1901 -0.0732
1902 -0.0690
1903 -0.0408
1904  0.0040
1905 -0.0401
1906  0.0022
1907 -0.0240
1908 -0.0063
1909 -0.0284
1910 -0.0430
1911 -0.0567
1912 -0.0646
1913 -0.0639
1914 -0.0481
1915 -0.0032
1916  0.0367
1917  0.0545
1918  0.0542
1919  0.0091
1920 -0.0162
1921 -0.0309
1922 -0.0452
1923 -0.0420
1924 -0.0343
1925 -0.0069
1926  0.0061
1927  0.0421
1928  0.0135
1929  0.0066
1930  0.0144
1931 -0.0035
1932 -0.0214
1933 -0.0334
1934 -0.0215
1935  0.0114
1936  0.0765
1937  0.0546
1938  0.0422
1939  0.0432
1940  0.0370
1941  0.0291
1942  0.0125
1943 -0.0138
1944 -0.0020
1945  0.0395
1946  0.0401
1947  0.0769
1948  0.1097
1949  0.0888
1950  0.0553
1951  0.0093
1952  0.0187
1953  0.0011
1954  0.0044
1955  0.0269
1956  0.0892
1957  0.1669
1958  0.1520
1959  0.1023
1960  0.1018
1961  0.0452
1962  0.0136
1963  0.0052
1964  0.0089
1965  0.0159
1966  0.0473
1967  0.0692
1968  0.0817
1969  0.0960
1970  0.0929
1971  0.0457
1972  0.0578
1973  0.0250
1974  0.0099
1975  0.0043
1976  0.0009
1977  0.0383
1978  0.0953
1979  0.1627
1980  0.1694
1981  0.1770
1982  0.0979
1983  0.0949
1984  0.0208
1985 -0.0068
1986 -0.0053
1987  0.0194
1988  0.0784
1989  0.1700
1990  0.1541
1991  0.1481
1992  0.1114
1993  0.0474
1994  0.0123
1995  0.0105
1996  0.0008
1997  0.0237
1998  0.0882
1999  0.1414
2000  0.1730
2001  0.1569
2002  0.1682
2003  0.0728
2004  0.0479
2005  0.0188
2006  0.0049
2007 -0.0129
2008 -0.0187
2009 -0.0154
2010  0.0276
2011  0.0751
2012  0.1043
2013  0.1249
2014  0.1314
2015  0.1372
2016  0.0971
2017  0.0621
2018  0.0271
2019 -0.0079
2020 -0.0079
2021  0.0504
2022  0.1089
2023  0.1671
2024  0.1671
2025  0.1671
2026  0.1321
2027  0.0971
2028  0.0621
2029  0.0271
2030 -0.0079
2031 -0.0079
2032  0.0504
2033  0.1089
2034  0.1671
2035  0.1671
2036  0.1671
2037  0.1321
2038  0.0971
2039  0.0621
2040  0.0271
2041 -0.0079
2042 -0.0079
2043  0.0504
2044  0.1089
2045  0.1671
2046  0.1671
2047  0.1671
2048  0.1321
2049  0.0971
2050  0.0621
2051  0.0271
2052 -0.0079
2053 -0.0079
2054  0.0504
2055  0.1089
2056  0.1671
2057  0.1671
2058  0.1671
2059  0.1321
2060  0.0971
2061  0.0621
2062  0.0271
2063 -0.0079
2064 -0.0079
2065  0.0504
2066  0.1089
2067  0.1671
2068  0.1671
2069  0.1671
2070  0.1321
2071  0.0971
2072  0.0621
2073  0.0271
2074 -0.0079
2075 -0.0079
2076  0.0504
2077  0.1089
2078  0.1671
2079  0.1671
2080  0.1671
2081  0.1321
2082  0.0971
2083  0.0621
2084  0.0271
2085 -0.0079
2086 -0.0079
2087  0.0504
2088  0.1089
2089  0.1671
2090  0.1671
2091  0.1671
2092  0.1321
2093  0.0971
2094  0.0621
2095  0.0271
2096 -0.0079
2097 -0.0079
2098  0.0504
2099  0.1089
2100  0.1671
2101  0.1671
2102  0.1671
2103  0.1321
2104  0.0971
2105  0.0621
2106  0.0271
2107 -0.0079
2108 -0.0079
2109  0.0504
2110  0.1089
2111  0.1671
2112  0.1671
2113  0.1671
2114  0.1321
2115  0.0971
2116  0.0621
2117  0.0271
2118 -0.0079
2119 -0.0079
2120  0.0504
2121  0.1089
2122  0.1671
2123  0.1671
2124  0.1671
2125  0.1321
2126  0.0971
2127  0.0621
2128  0.0271
2129 -0.0079
2130 -0.0079
2131  0.0504
2132  0.1089
2133  0.1671
2134  0.1671
2135  0.1671
2136  0.1321
2137  0.0971
2138  0.0621
2139  0.0271
2140 -0.0079
2141 -0.0079
2142  0.0504
2143  0.1089
2144  0.1671
2145  0.1671
2146  0.1671
2147  0.1321
2148  0.0971
2149  0.0621
2150  0.0271
2151 -0.0079
2152 -0.0079
2153  0.0504
2154  0.1089
2155  0.1671
2156  0.1671
2157  0.1671
2158  0.1321
2159  0.0971
2160  0.0621
2161  0.0271
2162 -0.0079
2163 -0.0079
2164  0.0504
2165  0.1089
2166  0.1671
2167  0.1671
2168  0.1671
2169  0.1321
2170  0.0971
2171  0.0621
2172  0.0271
2173 -0.0079
2174 -0.0079
2175  0.0504
2176  0.1089
2177  0.1671
2178  0.1671
2179  0.1671
2180  0.1321
2181  0.0971
2182  0.0621
2183  0.0271
2184 -0.0079
2185 -0.0079
2186  0.0504
2187  0.1089
2188  0.1671
2189  0.1671
2190  0.1671
2191  0.1321
2192  0.0971
2193  0.0621
2194  0.0271
2195 -0.0079
2196 -0.0079
2197  0.0504
2198  0.1089
2199  0.1671
2200  0.1671
-------------
