GHG forcing annual growth rate      
IPCC RCP scenarios                  
-------------------------------------
Year  RCP8.5  RCP2.6  RCP4.5  RCP6.0
-------------------------------------
2010  0.0371  0.0371  0.0371  0.0371
2015  0.0522  0.0352  0.0382  0.0345
2025  0.0578  0.0182  0.0345  0.0271
2035  0.0660  0.0066  0.0330  0.0301
2045  0.0778 -0.0030  0.0309  0.0373
2055  0.0854 -0.0084  0.0242  0.0430
2065  0.0856 -0.0096  0.0148  0.0479
2075  0.0823 -0.0105  0.0037  0.0480
2085  0.0787 -0.0100 -0.0008  0.0367
2095  0.0759 -0.0088  0.0039  0.0249
-------------------------------------
