Global fossil-fuel CO2 annual emissions (PgC/yr)
----------------------------------------------------
Year    Coal    Oil     Gas   Cement Flaring   Total
----------------------------------------------------
1850   0.054   0.000   0.000   0.000   0.000   0.054
1851   0.054   0.000   0.000   0.000   0.000   0.054
1852   0.057   0.000   0.000   0.000   0.000   0.057
1853   0.059   0.000   0.000   0.000   0.000   0.059
1854   0.069   0.000   0.000   0.000   0.000   0.069
1855   0.071   0.000   0.000   0.000   0.000   0.071
1856   0.076   0.000   0.000   0.000   0.000   0.076
1857   0.077   0.000   0.000   0.000   0.000   0.077
1858   0.078   0.000   0.000   0.000   0.000   0.078
1859   0.083   0.000   0.000   0.000   0.000   0.083
1860   0.091   0.000   0.000   0.000   0.000   0.091
1861   0.095   0.000   0.000   0.000   0.000   0.095
1862   0.096   0.000   0.000   0.000   0.000   0.097
1863   0.103   0.000   0.000   0.000   0.000   0.104
1864   0.112   0.000   0.000   0.000   0.000   0.112
1865   0.119   0.000   0.000   0.000   0.000   0.119
1866   0.122   0.000   0.000   0.000   0.000   0.122
1867   0.130   0.000   0.000   0.000   0.000   0.130
1868   0.134   0.000   0.000   0.000   0.000   0.135
1869   0.142   0.000   0.000   0.000   0.000   0.142
1870   0.146   0.001   0.000   0.000   0.000   0.147
1871   0.156   0.001   0.000   0.000   0.000   0.156
1872   0.173   0.001   0.000   0.000   0.000   0.173
1873   0.183   0.001   0.000   0.000   0.000   0.184
1874   0.173   0.001   0.000   0.000   0.000   0.174
1875   0.187   0.001   0.000   0.000   0.000   0.188
1876   0.190   0.001   0.000   0.000   0.000   0.191
1877   0.192   0.002   0.000   0.000   0.000   0.194
1878   0.194   0.002   0.000   0.000   0.000   0.196
1879   0.207   0.003   0.000   0.000   0.000   0.210
1880   0.233   0.003   0.000   0.000   0.000   0.236
1881   0.239   0.004   0.000   0.000   0.000   0.243
1882   0.252   0.004   0.000   0.000   0.000   0.256
1883   0.269   0.003   0.000   0.000   0.000   0.272
1884   0.271   0.004   0.000   0.000   0.000   0.275
1885   0.273   0.004   0.001   0.000   0.000   0.277
1886   0.275   0.005   0.002   0.000   0.000   0.281
1887   0.287   0.005   0.003   0.000   0.000   0.295
1888   0.317   0.005   0.005   0.000   0.000   0.327
1889   0.318   0.006   0.003   0.000   0.000   0.327
1890   0.345   0.008   0.003   0.000   0.000   0.356
1891   0.360   0.009   0.002   0.000   0.000   0.372
1892   0.363   0.009   0.002   0.000   0.000   0.374
1893   0.358   0.010   0.002   0.000   0.000   0.370
1894   0.372   0.009   0.002   0.000   0.000   0.383
1895   0.393   0.011   0.002   0.000   0.000   0.406
1896   0.405   0.012   0.002   0.000   0.000   0.419
1897   0.425   0.013   0.002   0.000   0.000   0.440
1898   0.449   0.013   0.002   0.000   0.000   0.465
1899   0.491   0.014   0.003   0.000   0.000   0.507
1900   0.515   0.016   0.003   0.000   0.000   0.534
1901   0.531   0.018   0.004   0.000   0.000   0.552
1902   0.543   0.019   0.004   0.000   0.000   0.566
1903   0.593   0.020   0.004   0.000   0.000   0.617
1904   0.597   0.023   0.004   0.000   0.000   0.624
1905   0.636   0.023   0.005   0.000   0.000   0.663
1906   0.680   0.023   0.005   0.000   0.000   0.707
1907   0.750   0.028   0.005   0.000   0.000   0.784
1908   0.714   0.030   0.005   0.000   0.000   0.750
1909   0.747   0.032   0.006   0.000   0.000   0.785
1910   0.778   0.034   0.007   0.000   0.000   0.819
1911   0.792   0.036   0.007   0.000   0.000   0.836
1912   0.834   0.037   0.008   0.000   0.000   0.879
1913   0.895   0.041   0.008   0.000   0.000   0.943
1914   0.800   0.042   0.008   0.000   0.000   0.850
1915   0.784   0.045   0.009   0.000   0.000   0.838
1916   0.842   0.048   0.010   0.000   0.000   0.901
1917   0.891   0.054   0.011   0.000   0.000   0.955
1918   0.873   0.053   0.010   0.000   0.000   0.936
1919   0.735   0.061   0.010   0.000   0.000   0.806
1920   0.843   0.078   0.011   0.000   0.000   0.932
1921   0.709   0.084   0.010   0.000   0.000   0.803
1922   0.740   0.094   0.011   0.000   0.000   0.845
1923   0.845   0.111   0.014   0.000   0.000   0.970
1924   0.836   0.110   0.016   0.000   0.000   0.963
1925   0.842   0.116   0.017   0.000   0.000   0.975
1926   0.846   0.119   0.019   0.000   0.000   0.983
1927   0.905   0.136   0.021   0.000   0.000   1.062
1928   0.890   0.143   0.023   0.010   0.000   1.065
1929   0.947   0.160   0.028   0.010   0.000   1.145
1930   0.862   0.152   0.028   0.010   0.000   1.053
1931   0.759   0.147   0.025   0.008   0.000   0.940
1932   0.675   0.141   0.024   0.007   0.000   0.847
1933   0.708   0.154   0.025   0.007   0.000   0.893
1934   0.775   0.162   0.028   0.008   0.000   0.973
1935   0.811   0.176   0.030   0.009   0.000   1.027
1936   0.893   0.192   0.034   0.011   0.000   1.130
1937   0.941   0.219   0.038   0.011   0.000   1.209
1938   0.880   0.214   0.037   0.012   0.000   1.142
1939   0.918   0.222   0.038   0.013   0.000   1.192
1940   1.017   0.229   0.042   0.011   0.000   1.299
1941   1.043   0.236   0.042   0.012   0.000   1.334
1942   1.063   0.222   0.045   0.011   0.000   1.342
1943   1.092   0.239   0.050   0.010   0.000   1.391
1944   1.047   0.275   0.054   0.007   0.000   1.383
1945   0.820   0.275   0.059   0.007   0.000   1.160
1946   0.875   0.292   0.061   0.010   0.000   1.238
1947   0.992   0.322   0.067   0.012   0.000   1.392
1948   1.015   0.364   0.076   0.014   0.000   1.469
1949   0.960   0.362   0.081   0.016   0.000   1.419
1950   1.070   0.423   0.097   0.018   0.023   1.630
1951   1.129   0.479   0.115   0.020   0.024   1.767
1952   1.119   0.504   0.124   0.022   0.026   1.795
1953   1.125   0.533   0.131   0.024   0.027   1.841
1954   1.116   0.557   0.138   0.027   0.027   1.865
1955   1.208   0.625   0.150   0.030   0.031   2.042
1956   1.273   0.679   0.161   0.032   0.032   2.177
1957   1.309   0.714   0.178   0.034   0.035   2.270
1958   1.336   0.731   0.192   0.036   0.035   2.330
1959   1.382   0.789   0.206   0.040   0.036   2.454
1960   1.410   0.849   0.227   0.043   0.039   2.569
1961   1.349   0.904   0.240   0.045   0.042   2.580
1962   1.351   0.980   0.263   0.049   0.044   2.686
1963   1.396   1.052   0.286   0.051   0.047   2.833
1964   1.435   1.137   0.316   0.057   0.051   2.995
1965   1.460   1.219   0.337   0.059   0.055   3.130
1966   1.478   1.323   0.364   0.063   0.060   3.288
1967   1.448   1.423   0.392   0.065   0.066   3.393
1968   1.448   1.551   0.424   0.070   0.073   3.566
1969   1.486   1.673   0.467   0.074   0.080   3.780
1970   1.556   1.839   0.493   0.078   0.087   4.053
1971   1.559   1.947   0.530   0.084   0.088   4.208
1972   1.576   2.057   0.560   0.089   0.095   4.376
1973   1.581   2.241   0.588   0.095   0.110   4.614
1974   1.579   2.245   0.597   0.096   0.107   4.623
1975   1.673   2.132   0.604   0.095   0.092   4.596
1976   1.710   2.314   0.630   0.103   0.108   4.864
1977   1.756   2.398   0.650   0.108   0.104   5.016
1978   1.780   2.392   0.680   0.116   0.106   5.074
1979   1.875   2.544   0.721   0.119   0.098   5.357
1980   1.935   2.422   0.737   0.120   0.086   5.301
1981   1.908   2.289   0.755   0.121   0.065   5.138
1982   1.976   2.196   0.738   0.121   0.064   5.094
1983   1.977   2.176   0.739   0.125   0.058   5.075
1984   2.074   2.199   0.807   0.128   0.051   5.258
1985   2.216   2.186   0.835   0.131   0.049   5.417
1986   2.277   2.293   0.830   0.137   0.046   5.583
1987   2.339   2.306   0.892   0.143   0.044   5.725
1988   2.387   2.412   0.935   0.152   0.050   5.936
1989   2.428   2.459   0.982   0.156   0.041   6.066
1990   2.359   2.492   1.026   0.157   0.040   6.074
1991   2.284   2.601   1.051   0.161   0.045   6.142
1992   2.290   2.499   1.085   0.167   0.036   6.078
1993   2.225   2.515   1.117   0.176   0.037   6.070
1994   2.278   2.539   1.133   0.186   0.039   6.174
1995   2.359   2.560   1.151   0.197   0.039   6.305
1996   2.382   2.626   1.198   0.203   0.040   6.448
1997   2.409   2.701   1.197   0.209   0.040   6.556
1998   2.343   2.763   1.224   0.209   0.036   6.576
1999   2.310   2.741   1.258   0.217   0.035   6.561
2000   2.327   2.845   1.289   0.226   0.046   6.733
2001   2.445   2.848   1.316   0.237   0.047   6.893
2002   2.518   2.832   1.342   0.252   0.049   6.994
2003   2.695   2.958   1.397   0.276   0.048   7.376
2004   2.906   3.043   1.443   0.298   0.054   7.743
2005   3.108   3.068   1.485   0.320   0.060   8.042
2006   3.293   3.091   1.534   0.356   0.062   8.336
2007   3.422   3.071   1.562   0.382   0.066   8.503
2008   3.587   3.103   1.630   0.388   0.069   8.776
2009   3.590   3.042   1.584   0.415   0.066   8.697
2010   3.812   3.107   1.696   0.446   0.067   9.128
2011   4.055   3.134   1.756   0.494   0.064   9.503
2012   4.106   3.200   1.783   0.519   0.065   9.673
2013   4.126   3.220   1.806   0.554   0.068   9.773
2014   4.117   3.280   1.823   0.568   0.068   9.855
2015   4.042   3.341   1.855   0.568   0.068   9.874
----------------------------------------------------
