Global surface temperature
relative to 1880-1920 (C)
--------------------------
      year 132-month mean
--------------------------
  1885.500    0.0371
  1885.583    0.0359
  1885.667    0.0336
  1885.750    0.0339
  1885.833    0.0341
  1885.917    0.0339
  1886.000    0.0344
  1886.083    0.0345
  1886.167    0.0335
  1886.250    0.0337
  1886.333    0.0332
  1886.417    0.0318
  1886.500    0.0333
  1886.583    0.0322
  1886.667    0.0321
  1886.750    0.0294
  1886.833    0.0270
  1886.917    0.0254
  1887.000    0.0261
  1887.083    0.0245
  1887.167    0.0232
  1887.250    0.0219
  1887.333    0.0221
  1887.417    0.0204
  1887.500    0.0194
  1887.583    0.0135
  1887.667    0.0089
  1887.750    0.0069
  1887.833    0.0060
  1887.917    0.0047
  1888.000    0.0048
  1888.083    0.0046
  1888.167    0.0025
  1888.250    0.0012
  1888.333    0.0017
  1888.417    0.0020
  1888.500    0.0011
  1888.583   -0.0006
  1888.667    0.0002
  1888.750   -0.0001
  1888.833   -0.0014
  1888.917   -0.0018
  1889.000   -0.0042
  1889.083   -0.0059
  1889.167   -0.0071
  1889.250   -0.0074
  1889.333   -0.0078
  1889.417   -0.0082
  1889.500   -0.0085
  1889.583   -0.0104
  1889.667   -0.0128
  1889.750   -0.0124
  1889.833   -0.0114
  1889.917   -0.0108
  1890.000   -0.0098
  1890.083   -0.0085
  1890.167   -0.0077
  1890.250   -0.0061
  1890.333   -0.0052
  1890.417   -0.0042
  1890.500   -0.0029
  1890.583    0.0003
  1890.667    0.0014
  1890.750    0.0009
  1890.833    0.0018
  1890.917    0.0034
  1891.000    0.0062
  1891.083    0.0079
  1891.167    0.0093
  1891.250    0.0104
  1891.333    0.0122
  1891.417    0.0127
  1891.500    0.0122
  1891.583    0.0136
  1891.667    0.0156
  1891.750    0.0178
  1891.833    0.0199
  1891.917    0.0220
  1892.000    0.0240
  1892.083    0.0249
  1892.167    0.0270
  1892.250    0.0282
  1892.333    0.0294
  1892.417    0.0301
  1892.500    0.0301
  1892.583    0.0346
  1892.667    0.0358
  1892.750    0.0339
  1892.833    0.0341
  1892.917    0.0339
  1893.000    0.0338
  1893.083    0.0335
  1893.167    0.0338
  1893.250    0.0338
  1893.333    0.0338
  1893.417    0.0330
  1893.500    0.0342
  1893.583    0.0361
  1893.667    0.0362
  1893.750    0.0372
  1893.833    0.0378
  1893.917    0.0380
  1894.000    0.0376
  1894.083    0.0373
  1894.167    0.0378
  1894.250    0.0382
  1894.333    0.0381
  1894.417    0.0391
  1894.500    0.0381
  1894.583    0.0366
  1894.667    0.0350
  1894.750    0.0347
  1894.833    0.0333
  1894.917    0.0331
  1895.000    0.0328
  1895.083    0.0325
  1895.167    0.0336
  1895.250    0.0351
  1895.333    0.0374
  1895.417    0.0388
  1895.500    0.0400
  1895.583    0.0416
  1895.667    0.0449
  1895.750    0.0483
  1895.833    0.0508
  1895.917    0.0532
  1896.000    0.0545
  1896.083    0.0561
  1896.167    0.0579
  1896.250    0.0594
  1896.333    0.0590
  1896.417    0.0606
  1896.500    0.0608
  1896.583    0.0629
  1896.667    0.0664
  1896.750    0.0654
  1896.833    0.0652
  1896.917    0.0642
  1897.000    0.0633
  1897.083    0.0632
  1897.167    0.0626
  1897.250    0.0622
  1897.333    0.0619
  1897.417    0.0620
  1897.500    0.0587
  1897.583    0.0586
  1897.667    0.0593
  1897.750    0.0604
  1897.833    0.0601
  1897.917    0.0589
  1898.000    0.0571
  1898.083    0.0570
  1898.167    0.0553
  1898.250    0.0540
  1898.333    0.0521
  1898.417    0.0530
  1898.500    0.0516
  1898.583    0.0520
  1898.667    0.0518
  1898.750    0.0502
  1898.833    0.0490
  1898.917    0.0478
  1899.000    0.0459
  1899.083    0.0433
  1899.167    0.0418
  1899.250    0.0396
  1899.333    0.0382
  1899.417    0.0382
  1899.500    0.0389
  1899.583    0.0402
  1899.667    0.0383
  1899.750    0.0380
  1899.833    0.0383
  1899.917    0.0381
  1900.000    0.0390
  1900.083    0.0396
  1900.167    0.0402
  1900.250    0.0408
  1900.333    0.0403
  1900.417    0.0415
  1900.500    0.0415
  1900.583    0.0425
  1900.667    0.0433
  1900.750    0.0444
  1900.833    0.0459
  1900.917    0.0460
  1901.000    0.0462
  1901.083    0.0456
  1901.167    0.0454
  1901.250    0.0436
  1901.333    0.0428
  1901.417    0.0411
  1901.500    0.0406
  1901.583    0.0390
  1901.667    0.0363
  1901.750    0.0367
  1901.833    0.0362
  1901.917    0.0342
  1902.000    0.0320
  1902.083    0.0297
  1902.167    0.0277
  1902.250    0.0255
  1902.333    0.0234
  1902.417    0.0207
  1902.500    0.0178
  1902.583    0.0161
  1902.667    0.0149
  1902.750    0.0114
  1902.833    0.0080
  1902.917    0.0050
  1903.000    0.0029
  1903.083    0.0006
  1903.167   -0.0026
  1903.250   -0.0048
  1903.333   -0.0074
  1903.417   -0.0100
  1903.500   -0.0119
  1903.583   -0.0167
  1903.667   -0.0178
  1903.750   -0.0175
  1903.833   -0.0194
  1903.917   -0.0208
  1904.000   -0.0231
  1904.083   -0.0246
  1904.167   -0.0251
  1904.250   -0.0265
  1904.333   -0.0270
  1904.417   -0.0267
  1904.500   -0.0292
  1904.583   -0.0311
  1904.667   -0.0313
  1904.750   -0.0324
  1904.833   -0.0338
  1904.917   -0.0348
  1905.000   -0.0357
  1905.083   -0.0370
  1905.167   -0.0393
  1905.250   -0.0419
  1905.333   -0.0448
  1905.417   -0.0500
  1905.500   -0.0532
  1905.583   -0.0550
  1905.667   -0.0590
  1905.750   -0.0638
  1905.833   -0.0668
  1905.917   -0.0702
  1906.000   -0.0726
  1906.083   -0.0750
  1906.167   -0.0779
  1906.250   -0.0809
  1906.333   -0.0835
  1906.417   -0.0840
  1906.500   -0.0848
  1906.583   -0.0848
  1906.667   -0.0855
  1906.750   -0.0887
  1906.833   -0.0898
  1906.917   -0.0901
  1907.000   -0.0913
  1907.083   -0.0938
  1907.167   -0.0968
  1907.250   -0.0992
  1907.333   -0.1013
  1907.417   -0.1030
  1907.500   -0.1041
  1907.583   -0.1059
  1907.667   -0.1090
  1907.750   -0.1101
  1907.833   -0.1108
  1907.917   -0.1119
  1908.000   -0.1129
  1908.083   -0.1137
  1908.167   -0.1141
  1908.250   -0.1152
  1908.333   -0.1158
  1908.417   -0.1145
  1908.500   -0.1113
  1908.583   -0.1091
  1908.667   -0.1096
  1908.750   -0.1098
  1908.833   -0.1089
  1908.917   -0.1074
  1909.000   -0.1059
  1909.083   -0.1055
  1909.167   -0.1034
  1909.250   -0.1012
  1909.333   -0.0985
  1909.417   -0.0973
  1909.500   -0.0944
  1909.583   -0.0911
  1909.667   -0.0870
  1909.750   -0.0844
  1909.833   -0.0802
  1909.917   -0.0765
  1910.000   -0.0740
  1910.083   -0.0705
  1910.167   -0.0684
  1910.250   -0.0658
  1910.333   -0.0649
  1910.417   -0.0646
  1910.500   -0.0643
  1910.583   -0.0628
  1910.667   -0.0600
  1910.750   -0.0605
  1910.833   -0.0595
  1910.917   -0.0589
  1911.000   -0.0599
  1911.083   -0.0606
  1911.167   -0.0611
  1911.250   -0.0622
  1911.333   -0.0624
  1911.417   -0.0648
  1911.500   -0.0691
  1911.583   -0.0702
  1911.667   -0.0718
  1911.750   -0.0743
  1911.833   -0.0769
  1911.917   -0.0789
  1912.000   -0.0803
  1912.083   -0.0801
  1912.167   -0.0807
  1912.250   -0.0801
  1912.333   -0.0812
  1912.417   -0.0803
  1912.500   -0.0843
  1912.583   -0.0842
  1912.667   -0.0826
  1912.750   -0.0822
  1912.833   -0.0821
  1912.917   -0.0814
  1913.000   -0.0802
  1913.083   -0.0790
  1913.167   -0.0781
  1913.250   -0.0766
  1913.333   -0.0750
  1913.417   -0.0723
  1913.500   -0.0706
  1913.583   -0.0687
  1913.667   -0.0675
  1913.750   -0.0650
  1913.833   -0.0628
  1913.917   -0.0612
  1914.000   -0.0602
  1914.083   -0.0590
  1914.167   -0.0570
  1914.250   -0.0557
  1914.333   -0.0536
  1914.417   -0.0519
  1914.500   -0.0508
  1914.583   -0.0466
  1914.667   -0.0447
  1914.750   -0.0413
  1914.833   -0.0387
  1914.917   -0.0365
  1915.000   -0.0350
  1915.083   -0.0340
  1915.167   -0.0339
  1915.250   -0.0325
  1915.333   -0.0317
  1915.417   -0.0317
  1915.500   -0.0311
  1915.583   -0.0281
  1915.667   -0.0264
  1915.750   -0.0247
  1915.833   -0.0245
  1915.917   -0.0246
  1916.000   -0.0241
  1916.083   -0.0228
  1916.167   -0.0219
  1916.250   -0.0204
  1916.333   -0.0179
  1916.417   -0.0148
  1916.500   -0.0110
  1916.583   -0.0088
  1916.667   -0.0074
  1916.750   -0.0037
  1916.833   -0.0011
  1916.917    0.0003
  1917.000    0.0013
  1917.083    0.0025
  1917.167    0.0034
  1917.250    0.0042
  1917.333    0.0037
  1917.417    0.0039
  1917.500    0.0045
  1917.583    0.0046
  1917.667    0.0029
  1917.750    0.0034
  1917.833    0.0021
  1917.917    0.0011
  1918.000    0.0014
  1918.083    0.0024
  1918.167    0.0041
  1918.250    0.0057
  1918.333    0.0091
  1918.417    0.0122
  1918.500    0.0151
  1918.583    0.0165
  1918.667    0.0178
  1918.750    0.0201
  1918.833    0.0203
  1918.917    0.0223
  1919.000    0.0238
  1919.083    0.0245
  1919.167    0.0245
  1919.250    0.0248
  1919.333    0.0248
  1919.417    0.0245
  1919.500    0.0216
  1919.583    0.0190
  1919.667    0.0174
  1919.750    0.0174
  1919.833    0.0177
  1919.917    0.0170
  1920.000    0.0163
  1920.083    0.0160
  1920.167    0.0157
  1920.250    0.0158
  1920.333    0.0149
  1920.417    0.0168
  1920.500    0.0183
  1920.583    0.0213
  1920.667    0.0219
  1920.750    0.0237
  1920.833    0.0221
  1920.917    0.0204
  1921.000    0.0197
  1921.083    0.0184
  1921.167    0.0188
  1921.250    0.0189
  1921.333    0.0198
  1921.417    0.0204
  1921.500    0.0199
  1921.583    0.0191
  1921.667    0.0192
  1921.750    0.0187
  1921.833    0.0183
  1921.917    0.0184
  1922.000    0.0197
  1922.083    0.0212
  1922.167    0.0218
  1922.250    0.0235
  1922.333    0.0256
  1922.417    0.0284
  1922.500    0.0316
  1922.583    0.0349
  1922.667    0.0381
  1922.750    0.0395
  1922.833    0.0402
  1922.917    0.0416
  1923.000    0.0416
  1923.083    0.0417
  1923.167    0.0418
  1923.250    0.0416
  1923.333    0.0429
  1923.417    0.0442
  1923.500    0.0481
  1923.583    0.0477
  1923.667    0.0455
  1923.750    0.0443
  1923.833    0.0442
  1923.917    0.0440
  1924.000    0.0428
  1924.083    0.0418
  1924.167    0.0415
  1924.250    0.0406
  1924.333    0.0397
  1924.417    0.0398
  1924.500    0.0378
  1924.583    0.0371
  1924.667    0.0367
  1924.750    0.0379
  1924.833    0.0371
  1924.917    0.0367
  1925.000    0.0372
  1925.083    0.0375
  1925.167    0.0381
  1925.250    0.0385
  1925.333    0.0390
  1925.417    0.0422
  1925.500    0.0441
  1925.583    0.0444
  1925.667    0.0445
  1925.750    0.0446
  1925.833    0.0448
  1925.917    0.0450
  1926.000    0.0470
  1926.083    0.0494
  1926.167    0.0514
  1926.250    0.0524
  1926.333    0.0545
  1926.417    0.0560
  1926.500    0.0588
  1926.583    0.0600
  1926.667    0.0602
  1926.750    0.0608
  1926.833    0.0629
  1926.917    0.0638
  1927.000    0.0639
  1927.083    0.0632
  1927.167    0.0631
  1927.250    0.0634
  1927.333    0.0631
  1927.417    0.0623
  1927.500    0.0620
  1927.583    0.0619
  1927.667    0.0626
  1927.750    0.0614
  1927.833    0.0611
  1927.917    0.0617
  1928.000    0.0617
  1928.083    0.0621
  1928.167    0.0626
  1928.250    0.0627
  1928.333    0.0633
  1928.417    0.0621
  1928.500    0.0598
  1928.583    0.0597
  1928.667    0.0621
  1928.750    0.0622
  1928.833    0.0629
  1928.917    0.0645
  1929.000    0.0652
  1929.083    0.0665
  1929.167    0.0679
  1929.250    0.0687
  1929.333    0.0688
  1929.417    0.0684
  1929.500    0.0680
  1929.583    0.0670
  1929.667    0.0699
  1929.750    0.0698
  1929.833    0.0698
  1929.917    0.0693
  1930.000    0.0696
  1930.083    0.0701
  1930.167    0.0714
  1930.250    0.0724
  1930.333    0.0745
  1930.417    0.0740
  1930.500    0.0755
  1930.583    0.0758
  1930.667    0.0754
  1930.750    0.0753
  1930.833    0.0756
  1930.917    0.0766
  1931.000    0.0776
  1931.083    0.0794
  1931.167    0.0799
  1931.250    0.0804
  1931.333    0.0814
  1931.417    0.0807
  1931.500    0.0796
  1931.583    0.0773
  1931.667    0.0771
  1931.750    0.0749
  1931.833    0.0746
  1931.917    0.0759
  1932.000    0.0772
  1932.083    0.0783
  1932.167    0.0794
  1932.250    0.0813
  1932.333    0.0828
  1932.417    0.0840
  1932.500    0.0854
  1932.583    0.0875
  1932.667    0.0888
  1932.750    0.0920
  1932.833    0.0946
  1932.917    0.0960
  1933.000    0.0967
  1933.083    0.0971
  1933.167    0.0982
  1933.250    0.0988
  1933.333    0.0997
  1933.417    0.1000
  1933.500    0.1007
  1933.583    0.0999
  1933.667    0.0999
  1933.750    0.1005
  1933.833    0.1018
  1933.917    0.1034
  1934.000    0.1059
  1934.083    0.1070
  1934.167    0.1086
  1934.250    0.1100
  1934.333    0.1112
  1934.417    0.1123
  1934.500    0.1168
  1934.583    0.1192
  1934.667    0.1242
  1934.750    0.1276
  1934.833    0.1319
  1934.917    0.1352
  1935.000    0.1388
  1935.083    0.1421
  1935.167    0.1444
  1935.250    0.1471
  1935.333    0.1487
  1935.417    0.1508
  1935.500    0.1564
  1935.583    0.1596
  1935.667    0.1632
  1935.750    0.1642
  1935.833    0.1670
  1935.917    0.1697
  1936.000    0.1715
  1936.083    0.1738
  1936.167    0.1756
  1936.250    0.1767
  1936.333    0.1791
  1936.417    0.1790
  1936.500    0.1807
  1936.583    0.1834
  1936.667    0.1854
  1936.750    0.1868
  1936.833    0.1894
  1936.917    0.1921
  1937.000    0.1933
  1937.083    0.1934
  1937.167    0.1932
  1937.250    0.1936
  1937.333    0.1941
  1937.417    0.1960
  1937.500    0.1976
  1937.583    0.1965
  1937.667    0.1995
  1937.750    0.2011
  1937.833    0.2027
  1937.917    0.2051
  1938.000    0.2073
  1938.083    0.2101
  1938.167    0.2121
  1938.250    0.2138
  1938.333    0.2168
  1938.417    0.2206
  1938.500    0.2244
  1938.583    0.2301
  1938.667    0.2349
  1938.750    0.2396
  1938.833    0.2434
  1938.917    0.2472
  1939.000    0.2513
  1939.083    0.2545
  1939.167    0.2579
  1939.250    0.2622
  1939.333    0.2660
  1939.417    0.2693
  1939.500    0.2731
  1939.583    0.2762
  1939.667    0.2767
  1939.750    0.2798
  1939.833    0.2836
  1939.917    0.2851
  1940.000    0.2863
  1940.083    0.2876
  1940.167    0.2902
  1940.250    0.2930
  1940.333    0.2954
  1940.417    0.2962
  1940.500    0.2961
  1940.583    0.3000
  1940.667    0.2996
  1940.750    0.3005
  1940.833    0.3039
  1940.917    0.3056
  1941.000    0.3060
  1941.083    0.3068
  1941.167    0.3074
  1941.250    0.3085
  1941.333    0.3087
  1941.417    0.3107
  1941.500    0.3101
  1941.583    0.3113
  1941.667    0.3136
  1941.750    0.3157
  1941.833    0.3175
  1941.917    0.3182
  1942.000    0.3196
  1942.083    0.3196
  1942.167    0.3198
  1942.250    0.3191
  1942.333    0.3198
  1942.417    0.3201
  1942.500    0.3190
  1942.583    0.3201
  1942.667    0.3187
  1942.750    0.3181
  1942.833    0.3187
  1942.917    0.3197
  1943.000    0.3199
  1943.083    0.3192
  1943.167    0.3182
  1943.250    0.3163
  1943.333    0.3150
  1943.417    0.3136
  1943.500    0.3127
  1943.583    0.3133
  1943.667    0.3123
  1943.750    0.3118
  1943.833    0.3108
  1943.917    0.3107
  1944.000    0.3103
  1944.083    0.3098
  1944.167    0.3095
  1944.250    0.3086
  1944.333    0.3074
  1944.417    0.3067
  1944.500    0.3071
  1944.583    0.3058
  1944.667    0.3047
  1944.750    0.3056
  1944.833    0.3049
  1944.917    0.3045
  1945.000    0.3046
  1945.083    0.3043
  1945.167    0.3033
  1945.250    0.3024
  1945.333    0.3011
  1945.417    0.2980
  1945.500    0.2934
  1945.583    0.2919
  1945.667    0.2881
  1945.750    0.2857
  1945.833    0.2837
  1945.917    0.2831
  1946.000    0.2824
  1946.083    0.2816
  1946.167    0.2819
  1946.250    0.2815
  1946.333    0.2813
  1946.417    0.2803
  1946.500    0.2800
  1946.583    0.2802
  1946.667    0.2793
  1946.750    0.2782
  1946.833    0.2774
  1946.917    0.2763
  1947.000    0.2756
  1947.083    0.2748
  1947.167    0.2742
  1947.250    0.2746
  1947.333    0.2725
  1947.417    0.2702
  1947.500    0.2691
  1947.583    0.2678
  1947.667    0.2686
  1947.750    0.2684
  1947.833    0.2689
  1947.917    0.2684
  1948.000    0.2682
  1948.083    0.2682
  1948.167    0.2690
  1948.250    0.2695
  1948.333    0.2693
  1948.417    0.2680
  1948.500    0.2673
  1948.583    0.2652
  1948.667    0.2628
  1948.750    0.2617
  1948.833    0.2593
  1948.917    0.2571
  1949.000    0.2560
  1949.083    0.2537
  1949.167    0.2525
  1949.250    0.2511
  1949.333    0.2487
  1949.417    0.2474
  1949.500    0.2439
  1949.583    0.2416
  1949.667    0.2376
  1949.750    0.2324
  1949.833    0.2286
  1949.917    0.2250
  1950.000    0.2227
  1950.083    0.2204
  1950.167    0.2189
  1950.250    0.2156
  1950.333    0.2132
  1950.417    0.2102
  1950.500    0.2074
  1950.583    0.2051
  1950.667    0.2030
  1950.750    0.2004
  1950.833    0.1967
  1950.917    0.1937
  1951.000    0.1925
  1951.083    0.1910
  1951.167    0.1872
  1951.250    0.1840
  1951.333    0.1805
  1951.417    0.1784
  1951.500    0.1784
  1951.583    0.1762
  1951.667    0.1753
  1951.750    0.1749
  1951.833    0.1738
  1951.917    0.1746
  1952.000    0.1770
  1952.083    0.1777
  1952.167    0.1794
  1952.250    0.1800
  1952.333    0.1805
  1952.417    0.1812
  1952.500    0.1846
  1952.583    0.1885
  1952.667    0.1909
  1952.750    0.1912
  1952.833    0.1910
  1952.917    0.1921
  1953.000    0.1917
  1953.083    0.1925
  1953.167    0.1927
  1953.250    0.1936
  1953.333    0.1934
  1953.417    0.1936
  1953.500    0.1950
  1953.583    0.1951
  1953.667    0.1968
  1953.750    0.2000
  1953.833    0.2019
  1953.917    0.2018
  1954.000    0.2023
  1954.083    0.2037
  1954.167    0.2044
  1954.250    0.2047
  1954.333    0.2045
  1954.417    0.2044
  1954.500    0.2060
  1954.583    0.2052
  1954.667    0.2075
  1954.750    0.2048
  1954.833    0.2042
  1954.917    0.2042
  1955.000    0.2060
  1955.083    0.2069
  1955.167    0.2074
  1955.250    0.2084
  1955.333    0.2092
  1955.417    0.2089
  1955.500    0.2117
  1955.583    0.2145
  1955.667    0.2178
  1955.750    0.2190
  1955.833    0.2217
  1955.917    0.2235
  1956.000    0.2249
  1956.083    0.2253
  1956.167    0.2268
  1956.250    0.2280
  1956.333    0.2294
  1956.417    0.2323
  1956.500    0.2327
  1956.583    0.2359
  1956.667    0.2403
  1956.750    0.2426
  1956.833    0.2438
  1956.917    0.2435
  1957.000    0.2443
  1957.083    0.2441
  1957.167    0.2436
  1957.250    0.2430
  1957.333    0.2423
  1957.417    0.2428
  1957.500    0.2416
  1957.583    0.2402
  1957.667    0.2408
  1957.750    0.2405
  1957.833    0.2400
  1957.917    0.2396
  1958.000    0.2402
  1958.083    0.2404
  1958.167    0.2418
  1958.250    0.2427
  1958.333    0.2441
  1958.417    0.2466
  1958.500    0.2467
  1958.583    0.2456
  1958.667    0.2435
  1958.750    0.2410
  1958.833    0.2372
  1958.917    0.2346
  1959.000    0.2335
  1959.083    0.2328
  1959.167    0.2306
  1959.250    0.2280
  1959.333    0.2254
  1959.417    0.2242
  1959.500    0.2216
  1959.583    0.2231
  1959.667    0.2225
  1959.750    0.2226
  1959.833    0.2225
  1959.917    0.2229
  1960.000    0.2234
  1960.083    0.2237
  1960.167    0.2246
  1960.250    0.2240
  1960.333    0.2238
  1960.417    0.2228
  1960.500    0.2237
  1960.583    0.2216
  1960.667    0.2232
  1960.750    0.2262
  1960.833    0.2270
  1960.917    0.2277
  1961.000    0.2284
  1961.083    0.2297
  1961.167    0.2286
  1961.250    0.2294
  1961.333    0.2286
  1961.417    0.2306
  1961.500    0.2325
  1961.583    0.2333
  1961.667    0.2337
  1961.750    0.2356
  1961.833    0.2372
  1961.917    0.2404
  1962.000    0.2409
  1962.083    0.2418
  1962.167    0.2438
  1962.250    0.2451
  1962.333    0.2474
  1962.417    0.2482
  1962.500    0.2488
  1962.583    0.2480
  1962.667    0.2473
  1962.750    0.2493
  1962.833    0.2491
  1962.917    0.2478
  1963.000    0.2460
  1963.083    0.2451
  1963.167    0.2432
  1963.250    0.2413
  1963.333    0.2421
  1963.417    0.2413
  1963.500    0.2390
  1963.583    0.2352
  1963.667    0.2323
  1963.750    0.2316
  1963.833    0.2329
  1963.917    0.2337
  1964.000    0.2345
  1964.083    0.2340
  1964.167    0.2347
  1964.250    0.2356
  1964.333    0.2362
  1964.417    0.2369
  1964.500    0.2388
  1964.583    0.2391
  1964.667    0.2400
  1964.750    0.2391
  1964.833    0.2385
  1964.917    0.2377
  1965.000    0.2374
  1965.083    0.2366
  1965.167    0.2358
  1965.250    0.2371
  1965.333    0.2381
  1965.417    0.2388
  1965.500    0.2380
  1965.583    0.2379
  1965.667    0.2353
  1965.750    0.2366
  1965.833    0.2371
  1965.917    0.2372
  1966.000    0.2358
  1966.083    0.2350
  1966.167    0.2347
  1966.250    0.2343
  1966.333    0.2333
  1966.417    0.2339
  1966.500    0.2319
  1966.583    0.2296
  1966.667    0.2269
  1966.750    0.2264
  1966.833    0.2252
  1966.917    0.2240
  1967.000    0.2234
  1967.083    0.2238
  1967.167    0.2250
  1967.250    0.2248
  1967.333    0.2255
  1967.417    0.2255
  1967.500    0.2280
  1967.583    0.2295
  1967.667    0.2307
  1967.750    0.2316
  1967.833    0.2332
  1967.917    0.2355
  1968.000    0.2362
  1968.083    0.2371
  1968.167    0.2374
  1968.250    0.2379
  1968.333    0.2390
  1968.417    0.2389
  1968.500    0.2386
  1968.583    0.2376
  1968.667    0.2340
  1968.750    0.2346
  1968.833    0.2342
  1968.917    0.2348
  1969.000    0.2342
  1969.083    0.2333
  1969.167    0.2323
  1969.250    0.2298
  1969.333    0.2281
  1969.417    0.2264
  1969.500    0.2257
  1969.583    0.2266
  1969.667    0.2281
  1969.750    0.2308
  1969.833    0.2334
  1969.917    0.2366
  1970.000    0.2369
  1970.083    0.2372
  1970.167    0.2373
  1970.250    0.2392
  1970.333    0.2408
  1970.417    0.2411
  1970.500    0.2421
  1970.583    0.2427
  1970.667    0.2435
  1970.750    0.2427
  1970.833    0.2434
  1970.917    0.2427
  1971.000    0.2421
  1971.083    0.2421
  1971.167    0.2408
  1971.250    0.2412
  1971.333    0.2395
  1971.417    0.2394
  1971.500    0.2405
  1971.583    0.2431
  1971.667    0.2446
  1971.750    0.2462
  1971.833    0.2492
  1971.917    0.2522
  1972.000    0.2539
  1972.083    0.2550
  1972.167    0.2573
  1972.250    0.2575
  1972.333    0.2589
  1972.417    0.2606
  1972.500    0.2614
  1972.583    0.2624
  1972.667    0.2649
  1972.750    0.2662
  1972.833    0.2677
  1972.917    0.2672
  1973.000    0.2676
  1973.083    0.2680
  1973.167    0.2665
  1973.250    0.2672
  1973.333    0.2667
  1973.417    0.2684
  1973.500    0.2695
  1973.583    0.2723
  1973.667    0.2727
  1973.750    0.2726
  1973.833    0.2739
  1973.917    0.2751
  1974.000    0.2766
  1974.083    0.2776
  1974.167    0.2794
  1974.250    0.2829
  1974.333    0.2838
  1974.417    0.2864
  1974.500    0.2910
  1974.583    0.2940
  1974.667    0.2983
  1974.750    0.3004
  1974.833    0.3014
  1974.917    0.3025
  1975.000    0.3033
  1975.083    0.3055
  1975.167    0.3071
  1975.250    0.3079
  1975.333    0.3085
  1975.417    0.3099
  1975.500    0.3094
  1975.583    0.3129
  1975.667    0.3143
  1975.750    0.3174
  1975.833    0.3191
  1975.917    0.3213
  1976.000    0.3238
  1976.083    0.3267
  1976.167    0.3301
  1976.250    0.3306
  1976.333    0.3312
  1976.417    0.3327
  1976.500    0.3367
  1976.583    0.3376
  1976.667    0.3402
  1976.750    0.3415
  1976.833    0.3429
  1976.917    0.3445
  1977.000    0.3462
  1977.083    0.3482
  1977.167    0.3490
  1977.250    0.3503
  1977.333    0.3517
  1977.417    0.3530
  1977.500    0.3569
  1977.583    0.3626
  1977.667    0.3669
  1977.750    0.3699
  1977.833    0.3723
  1977.917    0.3751
  1978.000    0.3762
  1978.083    0.3771
  1978.167    0.3780
  1978.250    0.3806
  1978.333    0.3810
  1978.417    0.3831
  1978.500    0.3829
  1978.583    0.3831
  1978.667    0.3821
  1978.750    0.3823
  1978.833    0.3810
  1978.917    0.3816
  1979.000    0.3807
  1979.083    0.3812
  1979.167    0.3822
  1979.250    0.3831
  1979.333    0.3833
  1979.417    0.3831
  1979.500    0.3831
  1979.583    0.3858
  1979.667    0.3875
  1979.750    0.3891
  1979.833    0.3907
  1979.917    0.3920
  1980.000    0.3937
  1980.083    0.3938
  1980.167    0.3941
  1980.250    0.3961
  1980.333    0.3975
  1980.417    0.3987
  1980.500    0.4005
  1980.583    0.4022
  1980.667    0.4045
  1980.750    0.4057
  1980.833    0.4072
  1980.917    0.4080
  1981.000    0.4090
  1981.083    0.4102
  1981.167    0.4126
  1981.250    0.4129
  1981.333    0.4146
  1981.417    0.4166
  1981.500    0.4191
  1981.583    0.4219
  1981.667    0.4258
  1981.750    0.4286
  1981.833    0.4312
  1981.917    0.4348
  1982.000    0.4386
  1982.083    0.4430
  1982.167    0.4464
  1982.250    0.4501
  1982.333    0.4545
  1982.417    0.4568
  1982.500    0.4597
  1982.583    0.4626
  1982.667    0.4642
  1982.750    0.4660
  1982.833    0.4674
  1982.917    0.4685
  1983.000    0.4698
  1983.083    0.4707
  1983.167    0.4727
  1983.250    0.4757
  1983.333    0.4784
  1983.417    0.4778
  1983.500    0.4800
  1983.583    0.4806
  1983.667    0.4821
  1983.750    0.4832
  1983.833    0.4846
  1983.917    0.4853
  1984.000    0.4866
  1984.083    0.4886
  1984.167    0.4926
  1984.250    0.4950
  1984.333    0.4974
  1984.417    0.4977
  1984.500    0.4997
  1984.583    0.5016
  1984.667    0.5054
  1984.750    0.5096
  1984.833    0.5128
  1984.917    0.5159
  1985.000    0.5177
  1985.083    0.5208
  1985.167    0.5219
  1985.250    0.5222
  1985.333    0.5234
  1985.417    0.5247
  1985.500    0.5242
  1985.583    0.5251
  1985.667    0.5257
  1985.750    0.5262
  1985.833    0.5278
  1985.917    0.5281
  1986.000    0.5310
  1986.083    0.5327
  1986.167    0.5340
  1986.250    0.5362
  1986.333    0.5371
  1986.417    0.5372
  1986.500    0.5381
  1986.583    0.5373
  1986.667    0.5374
  1986.750    0.5373
  1986.833    0.5367
  1986.917    0.5373
  1987.000    0.5368
  1987.083    0.5351
  1987.167    0.5332
  1987.250    0.5320
  1987.333    0.5318
  1987.417    0.5305
  1987.500    0.5291
  1987.583    0.5312
  1987.667    0.5331
  1987.750    0.5358
  1987.833    0.5372
  1987.917    0.5380
  1988.000    0.5394
  1988.083    0.5405
  1988.167    0.5409
  1988.250    0.5406
  1988.333    0.5414
  1988.417    0.5409
  1988.500    0.5391
  1988.583    0.5374
  1988.667    0.5347
  1988.750    0.5335
  1988.833    0.5343
  1988.917    0.5338
  1989.000    0.5356
  1989.083    0.5369
  1989.167    0.5364
  1989.250    0.5359
  1989.333    0.5380
  1989.417    0.5392
  1989.500    0.5407
  1989.583    0.5422
  1989.667    0.5468
  1989.750    0.5480
  1989.833    0.5509
  1989.917    0.5506
  1990.000    0.5536
  1990.083    0.5561
  1990.167    0.5586
  1990.250    0.5597
  1990.333    0.5623
  1990.417    0.5654
  1990.500    0.5680
  1990.583    0.5685
  1990.667    0.5727
  1990.750    0.5739
  1990.833    0.5760
  1990.917    0.5769
  1991.000    0.5776
  1991.083    0.5804
  1991.167    0.5830
  1991.250    0.5840
  1991.333    0.5847
  1991.417    0.5871
  1991.500    0.5891
  1991.583    0.5893
  1991.667    0.5892
  1991.750    0.5909
  1991.833    0.5918
  1991.917    0.5927
  1992.000    0.5960
  1992.083    0.5977
  1992.167    0.6000
  1992.250    0.6041
  1992.333    0.6080
  1992.417    0.6122
  1992.500    0.6155
  1992.583    0.6175
  1992.667    0.6208
  1992.750    0.6243
  1992.833    0.6273
  1992.917    0.6308
  1993.000    0.6341
  1993.083    0.6360
  1993.167    0.6391
  1993.250    0.6395
  1993.333    0.6406
  1993.417    0.6426
  1993.500    0.6433
  1993.583    0.6426
  1993.667    0.6445
  1993.750    0.6434
  1993.833    0.6425
  1993.917    0.6417
  1994.000    0.6413
  1994.083    0.6418
  1994.167    0.6409
  1994.250    0.6410
  1994.333    0.6413
  1994.417    0.6435
  1994.500    0.6445
  1994.583    0.6453
  1994.667    0.6471
  1994.750    0.6490
  1994.833    0.6509
  1994.917    0.6527
  1995.000    0.6549
  1995.083    0.6555
  1995.167    0.6561
  1995.250    0.6565
  1995.333    0.6563
  1995.417    0.6573
  1995.500    0.6569
  1995.583    0.6571
  1995.667    0.6575
  1995.750    0.6562
  1995.833    0.6560
  1995.917    0.6570
  1996.000    0.6583
  1996.083    0.6596
  1996.167    0.6610
  1996.250    0.6630
  1996.333    0.6637
  1996.417    0.6655
  1996.500    0.6665
  1996.583    0.6691
  1996.667    0.6710
  1996.750    0.6752
  1996.833    0.6756
  1996.917    0.6776
  1997.000    0.6776
  1997.083    0.6785
  1997.167    0.6795
  1997.250    0.6807
  1997.333    0.6826
  1997.417    0.6848
  1997.500    0.6856
  1997.583    0.6877
  1997.667    0.6887
  1997.750    0.6895
  1997.833    0.6918
  1997.917    0.6941
  1998.000    0.6960
  1998.083    0.6992
  1998.167    0.7036
  1998.250    0.7085
  1998.333    0.7134
  1998.417    0.7173
  1998.500    0.7213
  1998.583    0.7229
  1998.667    0.7254
  1998.750    0.7276
  1998.833    0.7302
  1998.917    0.7314
  1999.000    0.7329
  1999.083    0.7327
  1999.167    0.7351
  1999.250    0.7383
  1999.333    0.7416
  1999.417    0.7465
  1999.500    0.7489
  1999.583    0.7519
  1999.667    0.7560
  1999.750    0.7594
  1999.833    0.7616
  1999.917    0.7644
  2000.000    0.7663
  2000.083    0.7688
  2000.167    0.7719
  2000.250    0.7754
  2000.333    0.7782
  2000.417    0.7805
  2000.500    0.7830
  2000.583    0.7836
  2000.667    0.7830
  2000.750    0.7844
  2000.833    0.7846
  2000.917    0.7860
  2001.000    0.7875
  2001.083    0.7879
  2001.167    0.7897
  2001.250    0.7920
  2001.333    0.7936
  2001.417    0.7957
  2001.500    0.7993
  2001.583    0.8045
  2001.667    0.8061
  2001.750    0.8089
  2001.833    0.8118
  2001.917    0.8147
  2002.000    0.8171
  2002.083    0.8191
  2002.167    0.8199
  2002.250    0.8227
  2002.333    0.8257
  2002.417    0.8269
  2002.500    0.8275
  2002.583    0.8269
  2002.667    0.8268
  2002.750    0.8284
  2002.833    0.8296
  2002.917    0.8305
  2003.000    0.8300
  2003.083    0.8319
  2003.167    0.8321
  2003.250    0.8328
  2003.333    0.8330
  2003.417    0.8331
  2003.500    0.8326
  2003.583    0.8327
  2003.667    0.8298
  2003.750    0.8291
  2003.833    0.8290
  2003.917    0.8285
  2004.000    0.8275
  2004.083    0.8276
  2004.167    0.8275
  2004.250    0.8294
  2004.333    0.8309
  2004.417    0.8329
  2004.500    0.8336
  2004.583    0.8355
  2004.667    0.8365
  2004.750    0.8409
  2004.833    0.8450
  2004.917    0.8481
  2005.000    0.8501
  2005.083    0.8518
  2005.167    0.8541
  2005.250    0.8555
  2005.333    0.8576
  2005.417    0.8605
  2005.500    0.8607
  2005.583    0.8626
  2005.667    0.8622
  2005.750    0.8626
  2005.833    0.8630
  2005.917    0.8640
  2006.000    0.8652
  2006.083    0.8676
  2006.167    0.8699
  2006.250    0.8710
  2006.333    0.8738
  2006.417    0.8755
  2006.500    0.8773
  2006.583    0.8775
  2006.667    0.8778
  2006.750    0.8778
  2006.833    0.8791
  2006.917    0.8804
  2007.000    0.8809
  2007.083    0.8806
  2007.167    0.8817
  2007.250    0.8833
  2007.333    0.8853
  2007.417    0.8857
  2007.500    0.8855
  2007.583    0.8850
  2007.667    0.8834
  2007.750    0.8816
  2007.833    0.8811
  2007.917    0.8808
  2008.000    0.8817
  2008.083    0.8815
  2008.167    0.8824
  2008.250    0.8833
  2008.333    0.8842
  2008.417    0.8859
  2008.500    0.8876
  2008.583    0.8877
  2008.667    0.8875
  2008.750    0.8890
  2008.833    0.8908
  2008.917    0.8927
  2009.000    0.8940
  2009.083    0.8942
  2009.167    0.8954
  2009.250    0.8972
  2009.333    0.8979
  2009.417    0.8989
  2009.500    0.8992
  2009.583    0.9009
  2009.667    0.9021
  2009.750    0.9041
  2009.833    0.9050
  2009.917    0.9076
  2010.000    0.9103
  2010.083    0.9137
  2010.167    0.9163
  2010.250    0.9184
  2010.333    0.9214
  2010.417    0.9234
  2010.500    0.9279
  2010.583    0.9311
  2010.667    0.9367
  2010.750    0.9410
  2010.833    0.9438
  2010.917    0.9459
  2011.000    0.9467
  2011.083    0.9481
  2011.167    0.9508
  2011.250    0.9516
  2011.333    0.9522
  2011.417    0.9531
  2011.500    0.9539
  2011.583    0.9563
  2011.667    0.9592
  2011.750    0.9629
  2011.833    0.9657
--------------------------
