GHG forcing without CO2 extraction
------------------------------------
year    +2%    const    -3%     -6%
------------------------------------
1850  0.0000  0.0000  0.0000  0.0000
1851  0.0007  0.0007  0.0007  0.0007
1852  0.0013  0.0013  0.0013  0.0013
1853  0.0031  0.0031  0.0031  0.0031
1854  0.0038  0.0038  0.0038  0.0038
1855  0.0085  0.0085  0.0085  0.0085
1856  0.0171  0.0171  0.0171  0.0171
1857  0.0236  0.0236  0.0236  0.0236
1858  0.0302  0.0302  0.0302  0.0302
1859  0.0362  0.0362  0.0362  0.0362
1860  0.0440  0.0440  0.0440  0.0440
1861  0.0515  0.0515  0.0515  0.0515
1862  0.0541  0.0541  0.0541  0.0541
1863  0.0586  0.0586  0.0586  0.0586
1864  0.0633  0.0633  0.0633  0.0633
1865  0.0670  0.0670  0.0670  0.0670
1866  0.0715  0.0715  0.0715  0.0715
1867  0.0752  0.0752  0.0752  0.0752
1868  0.0797  0.0797  0.0797  0.0797
1869  0.0840  0.0840  0.0840  0.0840
1870  0.0895  0.0895  0.0895  0.0895
1871  0.0956  0.0956  0.0956  0.0956
1872  0.0994  0.0994  0.0994  0.0994
1873  0.1058  0.1058  0.1058  0.1058
1874  0.1114  0.1114  0.1114  0.1114
1875  0.1188  0.1188  0.1188  0.1188
1876  0.1221  0.1221  0.1221  0.1221
1877  0.1287  0.1287  0.1287  0.1287
1878  0.1424  0.1424  0.1424  0.1424
1879  0.1548  0.1548  0.1548  0.1548
1880  0.1721  0.1721  0.1721  0.1721
1881  0.1862  0.1862  0.1862  0.1862
1882  0.1995  0.1995  0.1995  0.1995
1883  0.2118  0.2118  0.2118  0.2118
1884  0.2220  0.2220  0.2220  0.2220
1885  0.2314  0.2314  0.2314  0.2314
1886  0.2435  0.2435  0.2435  0.2435
1887  0.2493  0.2493  0.2493  0.2493
1888  0.2548  0.2548  0.2548  0.2548
1889  0.2592  0.2592  0.2592  0.2592
1890  0.2657  0.2657  0.2657  0.2657
1891  0.2720  0.2720  0.2720  0.2720
1892  0.2775  0.2775  0.2775  0.2775
1893  0.2797  0.2797  0.2797  0.2797
1894  0.2812  0.2812  0.2812  0.2812
1895  0.2849  0.2849  0.2849  0.2849
1896  0.2894  0.2894  0.2894  0.2894
1897  0.2922  0.2922  0.2922  0.2922
1898  0.2949  0.2949  0.2949  0.2949
1899  0.3050  0.3050  0.3050  0.3050
1900  0.3164  0.3164  0.3164  0.3164
1901  0.3293  0.3293  0.3293  0.3293
1902  0.3411  0.3411  0.3411  0.3411
1903  0.3532  0.3532  0.3532  0.3532
1904  0.3677  0.3677  0.3677  0.3677
1905  0.3798  0.3798  0.3798  0.3798
1906  0.3931  0.3931  0.3931  0.3931
1907  0.4044  0.4044  0.4044  0.4044
1908  0.4187  0.4187  0.4187  0.4187
1909  0.4301  0.4301  0.4301  0.4301
1910  0.4440  0.4440  0.4440  0.4440
1911  0.4567  0.4567  0.4567  0.4567
1912  0.4706  0.4706  0.4706  0.4706
1913  0.4807  0.4807  0.4807  0.4807
1914  0.4893  0.4893  0.4893  0.4893
1915  0.4982  0.4982  0.4982  0.4982
1916  0.5102  0.5102  0.5102  0.5102
1917  0.5232  0.5232  0.5232  0.5232
1918  0.5370  0.5370  0.5370  0.5370
1919  0.5475  0.5475  0.5475  0.5475
1920  0.5603  0.5603  0.5603  0.5603
1921  0.5713  0.5713  0.5713  0.5713
1922  0.5845  0.5845  0.5845  0.5845
1923  0.5968  0.5968  0.5968  0.5968
1924  0.6106  0.6106  0.6106  0.6106
1925  0.6238  0.6238  0.6238  0.6238
1926  0.6379  0.6379  0.6379  0.6379
1927  0.6530  0.6530  0.6530  0.6530
1928  0.6670  0.6670  0.6670  0.6670
1929  0.6820  0.6820  0.6820  0.6820
1930  0.6931  0.6931  0.6931  0.6931
1931  0.7075  0.7075  0.7075  0.7075
1932  0.7196  0.7196  0.7196  0.7196
1933  0.7354  0.7354  0.7354  0.7354
1934  0.7477  0.7477  0.7477  0.7477
1935  0.7619  0.7619  0.7619  0.7619
1936  0.7760  0.7760  0.7760  0.7760
1937  0.7884  0.7884  0.7884  0.7884
1938  0.8026  0.8026  0.8026  0.8026
1939  0.8124  0.8124  0.8124  0.8124
1940  0.8173  0.8173  0.8173  0.8173
1941  0.8194  0.8194  0.8194  0.8194
1942  0.8192  0.8192  0.8192  0.8192
1943  0.8214  0.8214  0.8214  0.8214
1944  0.8215  0.8215  0.8215  0.8215
1945  0.8293  0.8293  0.8293  0.8293
1946  0.8340  0.8340  0.8340  0.8340
1947  0.8443  0.8443  0.8443  0.8443
1948  0.8510  0.8510  0.8510  0.8510
1949  0.8659  0.8659  0.8659  0.8659
1950  0.8817  0.8817  0.8817  0.8817
1951  0.8989  0.8989  0.8989  0.8989
1952  0.9148  0.9148  0.9148  0.9148
1953  0.9323  0.9323  0.9323  0.9323
1954  0.9517  0.9517  0.9517  0.9517
1955  0.9730  0.9730  0.9730  0.9730
1956  0.9942  0.9942  0.9942  0.9942
1957  1.0183  1.0183  1.0183  1.0183
1958  1.0434  1.0434  1.0434  1.0434
1959  1.0714  1.0714  1.0714  1.0714
1960  1.1036  1.1036  1.1036  1.1036
1961  1.1294  1.1294  1.1294  1.1294
1962  1.1567  1.1567  1.1567  1.1567
1963  1.1839  1.1839  1.1839  1.1839
1964  1.2094  1.2094  1.2094  1.2094
1965  1.2342  1.2342  1.2342  1.2342
1966  1.2786  1.2786  1.2786  1.2786
1967  1.3091  1.3091  1.3091  1.3091
1968  1.3413  1.3413  1.3413  1.3413
1969  1.3809  1.3809  1.3809  1.3809
1970  1.4246  1.4246  1.4246  1.4246
1971  1.4624  1.4624  1.4624  1.4624
1972  1.5065  1.5065  1.5065  1.5065
1973  1.5652  1.5652  1.5652  1.5652
1974  1.6025  1.6025  1.6025  1.6025
1975  1.6460  1.6460  1.6460  1.6460
1976  1.6811  1.6811  1.6811  1.6811
1977  1.7383  1.7383  1.7383  1.7383
1978  1.7917  1.7917  1.7917  1.7917
1979  1.8476  1.8476  1.8476  1.8476
1980  1.8995  1.8995  1.8995  1.8995
1981  1.9456  1.9456  1.9456  1.9456
1982  1.9861  1.9861  1.9861  1.9861
1983  2.0372  2.0372  2.0372  2.0372
1984  2.0884  2.0884  2.0884  2.0884
1985  2.1336  2.1336  2.1336  2.1336
1986  2.1822  2.1822  2.1822  2.1822
1987  2.2284  2.2284  2.2284  2.2284
1988  2.2916  2.2916  2.2916  2.2916
1989  2.3417  2.3417  2.3417  2.3417
1990  2.3833  2.3833  2.3833  2.3833
1991  2.4219  2.4219  2.4219  2.4219
1992  2.4505  2.4505  2.4505  2.4505
1993  2.4676  2.4676  2.4676  2.4676
1994  2.4996  2.4996  2.4996  2.4996
1995  2.5371  2.5371  2.5371  2.5371
1996  2.5716  2.5716  2.5716  2.5716
1997  2.5975  2.5975  2.5975  2.5975
1998  2.6527  2.6527  2.6527  2.6527
1999  2.6952  2.6952  2.6952  2.6952
2000  2.7206  2.7206  2.7206  2.7206
2001  2.7507  2.7507  2.7507  2.7507
2002  2.7865  2.7865  2.7865  2.7865
2003  2.8331  2.8331  2.8331  2.8331
2004  2.8682  2.8682  2.8682  2.8682
2005  2.9010  2.9010  2.9010  2.9010
2006  2.9399  2.9399  2.9399  2.9399
2007  2.9750  2.9750  2.9750  2.9750
2008  3.0168  3.0168  3.0168  3.0168
2009  3.0466  3.0466  3.0466  3.0466
2010  3.0916  3.0916  3.0916  3.0916
2011  3.1274  3.1274  3.1274  3.1274
2012  3.1646  3.1646  3.1646  3.1646
2013  3.2131  3.2131  3.2131  3.2131
2014  3.2508  3.2508  3.2508  3.2508
2015  3.2960  3.2960  3.2960  3.2960
2016  3.2730  3.2717  3.2717  3.2717
2017  3.3139  3.3103  3.3103  3.3103
2018  3.3564  3.3494  3.3494  3.3494
2019  3.3984  3.3869  3.3869  3.3869
2020  3.4411  3.4240  3.4240  3.4240
2021  3.4787  3.4551  3.4533  3.4514
2022  3.5162  3.4851  3.4799  3.4747
2023  3.5548  3.5153  3.5052  3.4956
2024  3.5903  3.5415  3.5253  3.5100
2025  3.6291  3.5699  3.5464  3.5247
2026  3.6660  3.5955  3.5636  3.5347
2027  3.7050  3.6223  3.5808  3.5441
2028  3.7433  3.6474  3.5955  3.5503
2029  3.7817  3.6717  3.6084  3.5544
2030  3.8214  3.6964  3.6208  3.5576
2031  3.8614  3.7203  3.6318  3.5590
2032  3.9012  3.7432  3.6409  3.5584
2033  3.9440  3.7681  3.6512  3.5588
2034  3.9845  3.7899  3.6578  3.5553
2035  4.0288  3.8145  3.6666  3.5540
2036  4.0730  3.8380  3.6737  3.5509
2037  4.1170  3.8604  3.6791  3.5461
2038  4.1630  3.8838  3.6850  3.5419
2039  4.2097  3.9070  3.6902  3.5370
2040  4.2572  3.9301  3.6948  3.5315
2041  4.3085  3.9559  3.7018  3.5286
2042  4.3597  3.9807  3.7072  3.5242
2043  4.4106  4.0043  3.7111  3.5184
2044  4.4645  4.0298  3.7166  3.5143
2045  4.5183  4.0542  3.7206  3.5090
2046  4.5729  4.0786  3.7242  3.5034
2047  4.6274  4.1018  3.7264  3.4966
2048  4.6838  4.1259  3.7291  3.4905
2049  4.7421  4.1509  3.7325  3.4853
2050  4.8003  4.1749  3.7346  3.4790
2051  4.8599  4.1991  3.7367  3.4730
2052  4.9214  4.2243  3.7396  3.4679
2053  4.9817  4.2473  3.7400  3.4606
2054  5.0451  4.2723  3.7422  3.4553
2055  5.1074  4.2952  3.7422  3.4480
2056  5.1717  4.3190  3.7429  3.4416
2057  5.2370  4.3427  3.7434  3.4353
2058  5.3041  4.3672  3.7445  3.4298
2059  5.3703  4.3898  3.7436  3.4224
2060  5.4395  4.4143  3.7444  3.4171
2061  5.5088  4.4378  3.7441  3.4108
2062  5.5782  4.4603  3.7428  3.4037
2063  5.6495  4.4836  3.7421  3.3976
2064  5.7219  4.5070  3.7414  3.3916
2065  5.7953  4.5302  3.7405  3.3855
2066  5.8707  4.5543  3.7404  3.3805
2067  5.9453  4.5764  3.7382  3.3736
2068  6.0228  4.6004  3.7379  3.3688
2069  6.1005  4.6234  3.7365  3.3630
2070  6.1781  4.6452  3.7339  3.3563
2071  6.2526  4.6653  3.7294  3.3479
2072  6.3259  4.6852  3.7248  3.3396
2073  6.3992  4.7061  3.7212  3.3324
2074  6.4706  4.7259  3.7165  3.3242
2075  6.5389  4.7437  3.7097  3.3142
2076  6.6082  4.7634  3.7048  3.3062
2077  6.6778  4.7840  3.7008  3.2993
2078  6.7456  4.8036  3.6958  3.2916
2079  6.8124  4.8231  3.6907  3.2838
2080  6.8777  4.8415  3.6846  3.2752
2081  6.9389  4.8567  3.6751  3.2634
2082  6.9984  4.8706  3.6645  3.2506
2083  7.0563  4.8836  3.6529  3.2370
2084  7.1155  4.8986  3.6433  3.2254
2085  7.1721  4.9115  3.6317  3.2120
2086  7.2291  4.9252  3.6210  3.1996
2087  7.2855  4.9390  3.6103  3.1873
2088  7.3425  4.9537  3.6006  3.1762
2089  7.3967  4.9663  3.5887  3.1630
2090  7.4536  4.9819  3.5800  3.1530
2091  7.5039  4.9916  3.5653  3.1372
2092  7.5551  5.0022  3.5516  3.1225
2093  7.6053  5.0128  3.5379  3.1078
2094  7.6556  5.0233  3.5242  3.0933
2095  7.7047  5.0337  3.5105  3.0788
2096  7.7544  5.0442  3.4968  3.0645
2097  7.8022  5.0545  3.4831  3.0502
2098  7.8517  5.0648  3.4694  3.0360
2099  7.8977  5.0751  3.4557  3.0218
2100  7.9478  5.0853  3.4420  3.0078
2101  8.0034  5.1039  3.4549  3.0023
2102  8.0585  5.1224  3.4499  2.9968
2103  8.1133  5.1409  3.4451  2.9914
2104  8.1678  5.1594  3.4404  2.9861
2105  8.2219  5.1778  3.4358  2.9809
2106  8.2756  5.1962  3.4314  2.9758
2107  8.3290  5.2145  3.4270  2.9708
2108  8.3820  5.2328  3.4228  2.9659
2109  8.4348  5.2510  3.4186  2.9610
2110  8.4872  5.2693  3.4146  2.9562
2111  8.5392  5.2874  3.4107  2.9515
2112  8.5910  5.3055  3.4068  2.9469
2113  8.6424  5.3236  3.4031  2.9423
2114  8.6936  5.3417  3.3994  2.9378
2115  8.7445  5.3597  3.3958  2.9333
2116  8.7950  5.3776  3.3923  2.9290
2117  8.8453  5.3956  3.3889  2.9247
2118  8.8953  5.4135  3.3855  2.9204
2119  8.9450  5.4313  3.3823  2.9162
2120  8.9945  5.4491  3.3791  2.9121
2121  9.0437  5.4669  3.3760  2.9080
2122  9.0926  5.4846  3.3729  2.9040
2123  9.1413  5.5023  3.3699  2.9001
2124  9.1897  5.5200  3.3670  2.8961
2125  9.2379  5.5377  3.3641  2.8923
2126  9.2858  5.5553  3.3613  2.8885
2127  9.3334  5.5728  3.3586  2.8847
2128  9.3809  5.5903  3.3559  2.8810
2129  9.4281  5.6078  3.3533  2.8774
2130  9.4751  5.6253  3.3508  2.8738
2131  9.5218  5.6427  3.3483  2.8702
2132  9.5683  5.6601  3.3458  2.8667
2133  9.6146  5.6775  3.3434  2.8632
2134  9.6606  5.6948  3.3411  2.8598
2135  9.7065  5.7121  3.3388  2.8564
2136  9.7521  5.7294  3.3365  2.8531
2137  9.7976  5.7466  3.3343  2.8498
2138  9.8427  5.7638  3.3322  2.8465
2139  9.8878  5.7809  3.3300  2.8433
2140  9.9326  5.7981  3.3280  2.8401
2141  9.9768  5.8152  3.3260  2.8370
2142 10.0220  5.8322  3.3240  2.8339
2143 10.0660  5.8493  3.3221  2.8308
2144 10.1100  5.8663  3.3202  2.8277
2145 10.1540  5.8833  3.3183  2.8247
2146 10.1970  5.9002  3.3165  2.8218
2147 10.2410  5.9172  3.3147  2.8188
2148 10.2840  5.9341  3.3130  2.8159
2149 10.3270  5.9509  3.3113  2.8131
2150 10.3700  5.9677  3.3096  2.8102
2151 10.4130  5.9846  3.3080  2.8074
2152 10.4560  6.0013  3.3064  2.8046
2153 10.4980  6.0181  3.3048  2.8019
2154 10.5400  6.0348  3.3033  2.7992
2155 10.5820  6.0515  3.3018  2.7965
2156 10.6240  6.0682  3.3003  2.7938
2157 10.6660  6.0848  3.2989  2.7912
2158 10.7070  6.1014  3.2975  2.7886
2159 10.7490  6.1180  3.2961  2.7860
2160 10.7900  6.1346  3.2947  2.7835
2161 10.8310  6.1511  3.2934  2.7809
2162 10.8720  6.1676  3.2921  2.7784
2163 10.9130  6.1841  3.2909  2.7760
2164 10.9530  6.2005  3.2897  2.7735
2165 10.9940  6.2170  3.2884  2.7711
2166 11.0340  6.2333  3.2873  2.7687
2167 11.0740  6.2497  3.2861  2.7663
2168 11.1140  6.2661  3.2850  2.7639
2169 11.1540  6.2824  3.2839  2.7616
2170 11.1940  6.2987  3.2828  2.7593
2171 11.2330  6.3150  3.2817  2.7570
2172 11.2720  6.3312  3.2807  2.7547
2173 11.3120  6.3474  3.2797  2.7525
2174 11.3510  6.3636  3.2787  2.7503
2175 11.3900  6.3798  3.2778  2.7481
2176 11.4290  6.3960  3.2768  2.7459
2177 11.4670  6.4121  3.2759  2.7437
2178 11.5060  6.4282  3.2750  2.7416
2179 11.5440  6.4443  3.2741  2.7395
2180 11.5830  6.4603  3.2733  2.7373
2181 11.6210  6.4764  3.2724  2.7353
2182 11.6590  6.4924  3.2716  2.7332
2183 11.6970  6.5084  3.2708  2.7311
2184 11.7340  6.5243  3.2700  2.7291
2185 11.7720  6.5403  3.2693  2.7271
2186 11.8100  6.5562  3.2685  2.7251
2187 11.8470  6.5721  3.2678  2.7231
2188 11.8840  6.5880  3.2671  2.7212
2189 11.9210  6.6038  3.2664  2.7192
2190 11.9580  6.6196  3.2657  2.7173
2191 11.9950  6.6354  3.2651  2.7154
2192 12.0320  6.6512  3.2645  2.7135
2193 12.0690  6.6670  3.2638  2.7116
2194 12.1050  6.6827  3.2632  2.7097
2195 12.1420  6.6985  3.2627  2.7079
2196 12.1780  6.7142  3.2621  2.7060
2197 12.2140  6.7298  3.2615  2.7042
2198 12.2500  6.7455  3.2610  2.7024
2199 12.2860  6.7611  3.2605  2.7006
2200 12.3220  6.7767  3.2599  2.6988
------------------------------------
