Net forcing woth CO2 extraction         
-------------------------------------------
year   +2%    con450  con350   -3%     -6%
-------------------------------------------
1850 -0.0828 -0.0828 -0.0828 -0.0828 -0.0828
1851 -0.0587 -0.0587 -0.0587 -0.0587 -0.0587
1852 -0.0357 -0.0357 -0.0357 -0.0357 -0.0357
1853 -0.0317 -0.0317 -0.0317 -0.0317 -0.0317
1854 -0.0487 -0.0487 -0.0487 -0.0487 -0.0487
1855 -0.1017 -0.1017 -0.1017 -0.1017 -0.1017
1856 -0.9430 -0.9430 -0.9430 -0.9430 -0.9430
1857 -1.4233 -1.4233 -1.4233 -1.4233 -1.4233
1858 -0.6743 -0.6743 -0.6743 -0.6743 -0.6743
1859 -0.2274 -0.2274 -0.2274 -0.2274 -0.2274
1860 -0.0593 -0.0593 -0.0593 -0.0593 -0.0593
1861 -0.0435 -0.0435 -0.0435 -0.0435 -0.0435
1862 -0.2970 -0.2970 -0.2970 -0.2970 -0.2970
1863 -0.2232 -0.2232 -0.2232 -0.2232 -0.2232
1864 -0.0976 -0.0976 -0.0976 -0.0976 -0.0976
1865 -0.0479 -0.0479 -0.0479 -0.0479 -0.0479
1866 -0.0283 -0.0283 -0.0283 -0.0283 -0.0283
1867 -0.0314 -0.0314 -0.0314 -0.0314 -0.0314
1868 -0.0044 -0.0044 -0.0044 -0.0044 -0.0044
1869  0.0241  0.0241  0.0241  0.0241  0.0241
1870  0.0646  0.0646  0.0646  0.0646  0.0646
1871  0.0572  0.0572  0.0572  0.0572  0.0572
1872  0.0295  0.0295  0.0295  0.0295  0.0295
1873 -0.0375 -0.0375 -0.0375 -0.0375 -0.0375
1874 -0.0313 -0.0313 -0.0313 -0.0313 -0.0313
1875 -0.0325 -0.0325 -0.0325 -0.0325 -0.0325
1876 -0.1514 -0.1514 -0.1514 -0.1514 -0.1514
1877 -0.1273 -0.1273 -0.1273 -0.1273 -0.1273
1878 -0.0801 -0.0801 -0.0801 -0.0801 -0.0801
1879 -0.0501 -0.0501 -0.0501 -0.0501 -0.0501
1880 -0.0005 -0.0005 -0.0005 -0.0005 -0.0005
1881  0.0394  0.0394  0.0394  0.0394  0.0394
1882  0.0058  0.0058  0.0058  0.0058  0.0058
1883 -1.0414 -1.0414 -1.0414 -1.0414 -1.0414
1884 -3.2054 -3.2054 -3.2054 -3.2054 -3.2054
1885 -1.3914 -1.3914 -1.3914 -1.3914 -1.3914
1886 -0.7829 -0.7829 -0.7829 -0.7829 -0.7829
1887 -0.8022 -0.8022 -0.8022 -0.8022 -0.8022
1888 -0.4569 -0.4569 -0.4569 -0.4569 -0.4569
1889 -0.6138 -0.6138 -0.6138 -0.6138 -0.6138
1890 -0.8498 -0.8498 -0.8498 -0.8498 -0.8498
1891 -0.6016 -0.6016 -0.6016 -0.6016 -0.6016
1892 -0.4037 -0.4037 -0.4037 -0.4037 -0.4037
1893 -0.1003 -0.1003 -0.1003 -0.1003 -0.1003
1894  0.0560  0.0560  0.0560  0.0560  0.0560
1895  0.0848  0.0848  0.0848  0.0848  0.0848
1896 -0.3331 -0.3331 -0.3331 -0.3331 -0.3331
1897 -0.3258 -0.3258 -0.3258 -0.3258 -0.3258
1898 -0.2210 -0.2210 -0.2210 -0.2210 -0.2210
1899 -0.0493 -0.0493 -0.0493 -0.0493 -0.0493
1900  0.0180  0.0180  0.0180  0.0180  0.0180
1901  0.0388  0.0388  0.0388  0.0388  0.0388
1902 -0.3988 -0.3988 -0.3988 -0.3988 -0.3988
1903 -1.5440 -1.5440 -1.5440 -1.5440 -1.5440
1904 -0.5762 -0.5762 -0.5762 -0.5762 -0.5762
1905 -0.1715 -0.1715 -0.1715 -0.1715 -0.1715
1906  0.0005  0.0005  0.0005  0.0005  0.0005
1907 -0.0652 -0.0652 -0.0652 -0.0652 -0.0652
1908 -0.0632 -0.0632 -0.0632 -0.0632 -0.0632
1909  0.0650  0.0650  0.0650  0.0650  0.0650
1910  0.0786  0.0786  0.0786  0.0786  0.0786
1911  0.1058  0.1058  0.1058  0.1058  0.1058
1912 -0.2989 -0.2989 -0.2989 -0.2989 -0.2989
1913 -0.4041 -0.4041 -0.4041 -0.4041 -0.4041
1914 -0.0599 -0.0599 -0.0599 -0.0599 -0.0599
1915  0.1261  0.1261  0.1261  0.1261  0.1261
1916  0.1996  0.1996  0.1996  0.1996  0.1996
1917  0.2363  0.2363  0.2363  0.2363  0.2363
1918  0.2508  0.2508  0.2508  0.2508  0.2508
1919  0.2096  0.2096  0.2096  0.2096  0.2096
1920  0.0221  0.0221  0.0221  0.0221  0.0221
1921  0.0516  0.0516  0.0516  0.0516  0.0516
1922  0.1548  0.1548  0.1548  0.1548  0.1548
1923  0.2058  0.2058  0.2058  0.2058  0.2058
1924  0.1686  0.1686  0.1686  0.1686  0.1686
1925  0.2167  0.2167  0.2167  0.2167  0.2167
1926  0.2497  0.2497  0.2497  0.2497  0.2497
1927  0.3147  0.3147  0.3147  0.3147  0.3147
1928  0.2073  0.2073  0.2073  0.2073  0.2073
1929  0.1041  0.1041  0.1041  0.1041  0.1041
1930  0.2002  0.2002  0.2002  0.2002  0.2002
1931  0.2262  0.2262  0.2262  0.2262  0.2262
1932  0.1328  0.1328  0.1328  0.1328  0.1328
1933  0.1660  0.1660  0.1660  0.1660  0.1660
1934  0.2496  0.2496  0.2496  0.2496  0.2496
1935  0.2806  0.2806  0.2806  0.2806  0.2806
1936  0.3779  0.3779  0.3779  0.3779  0.3779
1937  0.3717  0.3717  0.3717  0.3717  0.3717
1938  0.3194  0.3194  0.3194  0.3194  0.3194
1939  0.3428  0.3428  0.3428  0.3428  0.3428
1940  0.3564  0.3564  0.3564  0.3564  0.3564
1941  0.3725  0.3725  0.3725  0.3725  0.3725
1942  0.2986  0.2986  0.2986  0.2986  0.2986
1943  0.2638  0.2638  0.2638  0.2638  0.2638
1944  0.3169  0.3169  0.3169  0.3169  0.3169
1945  0.3633  0.3633  0.3633  0.3633  0.3633
1946  0.3711  0.3711  0.3711  0.3711  0.3711
1947  0.4022  0.4022  0.4022  0.4022  0.4022
1948  0.4489  0.4489  0.4489  0.4489  0.4489
1949  0.4004  0.4004  0.4004  0.4004  0.4004
1950  0.3866  0.3866  0.3866  0.3866  0.3866
1951  0.3641  0.3641  0.3641  0.3641  0.3641
1952  0.3375  0.3375  0.3375  0.3375  0.3375
1953  0.3289  0.3289  0.3289  0.3289  0.3289
1954  0.3339  0.3339  0.3339  0.3339  0.3339
1955  0.4065  0.4065  0.4065  0.4065  0.4065
1956  0.4910  0.4910  0.4910  0.4910  0.4910
1957  0.5935  0.5935  0.5935  0.5935  0.5935
1958  0.5964  0.5964  0.5964  0.5964  0.5964
1959  0.5616  0.5616  0.5616  0.5616  0.5616
1960  0.4782  0.4782  0.4782  0.4782  0.4782
1961  0.2938  0.2938  0.2938  0.2938  0.2938
1962  0.2206  0.2206  0.2206  0.2206  0.2206
1963 -0.5251 -0.5251 -0.5251 -0.5251 -0.5251
1964 -1.0996 -1.0996 -1.0996 -1.0996 -1.0996
1965 -0.4241 -0.4241 -0.4241 -0.4241 -0.4241
1966  0.0977  0.0977  0.0977  0.0977  0.0977
1967  0.3398  0.3398  0.3398  0.3398  0.3398
1968  0.0756  0.0756  0.0756  0.0756  0.0756
1969 -0.0433 -0.0433 -0.0433 -0.0433 -0.0433
1970  0.3947  0.3947  0.3947  0.3947  0.3947
1971  0.6008  0.6008  0.6008  0.6008  0.6008
1972  0.6992  0.6992  0.6992  0.6992  0.6992
1973  0.6205  0.6205  0.6205  0.6205  0.6205
1974  0.5124  0.5124  0.5124  0.5124  0.5124
1975  0.1332  0.1332  0.1332  0.1332  0.1332
1976  0.5278  0.5278  0.5278  0.5278  0.5278
1977  0.8022  0.8022  0.8022  0.8022  0.8022
1978  0.8405  0.8405  0.8405  0.8405  0.8405
1979  0.9093  0.9093  0.9093  0.9093  0.9093
1980  1.0541  1.0541  1.0541  1.0541  1.0541
1981  1.0921  1.0921  1.0921  1.0921  1.0921
1982 -0.0489 -0.0489 -0.0489 -0.0489 -0.0489
1983 -0.5323 -0.5323 -0.5323 -0.5323 -0.5323
1984  0.4728  0.4728  0.4728  0.4728  0.4728
1985  0.8845  0.8845  0.8845  0.8845  0.8845
1986  0.9034  0.9034  0.9034  0.9034  0.9034
1987  1.0396  1.0396  1.0396  1.0396  1.0396
1988  1.2162  1.2162  1.2162  1.2162  1.2162
1989  1.3827  1.3827  1.3827  1.3827  1.3827
1990  1.3995  1.3995  1.3995  1.3995  1.3995
1991  0.3241  0.3241  0.3241  0.3241  0.3241
1992 -1.2392 -1.2392 -1.2392 -1.2392 -1.2392
1993  0.3643  0.3643  0.3643  0.3643  0.3643
1994  1.0203  1.0203  1.0203  1.0203  1.0203
1995  1.2842  1.2842  1.2842  1.2842  1.2842
1996  1.3729  1.3729  1.3729  1.3729  1.3729
1997  1.4422  1.4422  1.4422  1.4422  1.4422
1998  1.6093  1.6093  1.6093  1.6093  1.6093
1999  1.7124  1.7124  1.7124  1.7124  1.7124
2000  1.7615  1.7615  1.7615  1.7615  1.7615
2001  1.7671  1.7671  1.7671  1.7671  1.7671
2002  1.8064  1.8064  1.8064  1.8064  1.8064
2003  1.7353  1.7353  1.7353  1.7353  1.7353
2004  1.7435  1.7435  1.7435  1.7435  1.7435
2005  1.7158  1.7158  1.7158  1.7158  1.7158
2006  1.7236  1.7236  1.7236  1.7236  1.7236
2007  1.7220  1.7220  1.7220  1.7220  1.7220
2008  1.7626  1.7626  1.7626  1.7626  1.7626
2009  1.7679  1.7679  1.7679  1.7679  1.7679
2010  1.8739  1.8739  1.8739  1.8739  1.8739
2011  1.9185  1.9185  1.9185  1.9185  1.9185
2012  2.0060  2.0060  2.0060  2.0060  2.0060
2013  2.0530  2.0530  2.0530  2.0530  2.0530
2014  2.0897  2.0897  2.0897  2.0897  2.0897
2015  2.1340  2.1340  2.1340  2.1340  2.1340
2016  2.0634  2.0621  2.0621  2.0621  2.0621
2017  2.0625  2.0589  2.0589  2.0589  2.0589
2018  2.0633  2.0563  2.0563  2.0563  2.0563
2019  2.0635  2.0520  2.0520  2.0520  2.0520
2020  2.0995  2.0824  2.0824  2.0824  2.0824
2021  2.1863  2.1644  2.1638  2.1627  2.1610
2022  2.2709  2.2449  2.2430  2.2402  2.2355
2023  2.3552  2.3256  2.3218  2.3166  2.3078
2024  2.3754  2.3427  2.3365  2.3282  2.3145
2025  2.3977  2.3623  2.3531  2.3414  2.3219
2026  2.3813  2.3437  2.3310  2.3153  2.2894
2027  2.3652  2.3256  2.3089  2.2888  2.2560
2028  2.3460  2.3047  2.2835  2.2587  2.2186
2029  2.3267  2.2841  2.2579  2.2281  2.1802
2030  1.3491  1.3053  1.2737  1.2385  1.1828
2031  0.7707  0.7260  0.6884  0.6478  0.5839
2032  1.4964  1.4508  1.4069  1.3606  1.2884
2033  2.0275  1.9813  1.9306  1.8783  1.7979
2034  2.2968  2.2501  2.1921  2.1338  2.0450
2035  2.0118  1.9646  1.8988  1.8345  1.7374
2036  1.8621  1.8144  1.7405  1.6701  1.5646
2037  2.2467  2.1987  2.1162  2.0396  1.9260
2038  2.5030  2.4545  2.3630  2.2802  2.1585
2039  2.4775  2.4286  2.3277  2.2387  2.1090
2040  2.4526  2.4031  2.2924  2.1972  2.0598
2041  2.4293  2.3792  2.2583  2.1569  2.0119
2042  2.4405  2.3896  2.2580  2.1506  1.9982
2043  2.5078  2.4559  2.3133  2.1998  2.0404
2044  2.5779  2.5249  2.3709  2.2515  2.0852
2045  2.6464  2.5921  2.4263  2.3011  2.1281
2046  2.6566  2.6007  2.4226  2.2918  2.1125
2047  2.6656  2.6079  2.4171  2.2808  2.0954
2048  2.6404  2.5806  2.3767  2.2352  2.0439
2049  2.6161  2.5538  2.3366  2.1898  1.9931
2050  2.5917  2.5264  2.2954  2.1436  1.9418
2051  2.5667  2.4983  2.2531  2.0965  1.8897
2052  2.5435  2.4714  2.2116  2.0505  1.8391
2053  2.5525  2.4763  2.2016  2.0361  1.8205
2054  2.6228  2.5420  2.2519  2.0824  1.8628
2055  2.6913  2.6055  2.2996  2.1262  1.9029
2056  2.7608  2.6693  2.3472  2.1702  1.9437
2057  2.7729  2.6752  2.3366  2.1563  1.9268
2058  2.7853  2.6808  2.3253  2.1420  1.9098
2059  2.7612  2.6493  2.2765  2.0904  1.8558
2060  1.6319  1.5119  1.1214  0.9329  0.6962
2061  1.0869  0.9581  0.5495  0.3589  0.1204
2062  2.1016  1.9633  1.5364  1.3438  1.1039
2063  2.4836  2.3350  1.8891  1.6951  1.4541
2064  2.4768  2.3171  1.8519  1.6567  1.4149
2065  2.6242  2.4526  1.9679  1.7718  1.5294
2066  2.7618  2.5774  2.0726  1.8761  1.6335
2067  2.8687  2.6707  2.1454  1.9488  1.7063
2068  2.9283  2.7157  2.1696  1.9732  1.7310
2069  2.9455  2.7173  2.1500  1.9542  1.7127
2070  2.9280  2.6832  2.0942  1.8995  1.6588
2071  2.9062  2.6471  2.0361  1.8427  1.6033
2072  2.8814  2.6097  1.9763  1.7847  1.5468
2073  2.8564  2.5738  1.9177  1.7282  1.4920
2074  2.8283  2.5367  1.8572  1.6704  1.4363
2075  2.8320  2.5329  1.8298  1.6459  1.4141
2076  2.8932  2.5882  1.8610  1.6805  1.4513
2077  2.9540  2.6444  1.8927  1.7161  1.4897
2078  3.0125  2.6998  1.9233  1.7509  1.5276
2079  3.0101  2.6958  1.8939  1.7263  1.5063
2080  3.0059  2.6913  1.8637  1.7012  1.4847
2081  2.9618  2.6481  1.7944  1.6375  1.4249
2082  2.9148  2.6036  1.7232  1.5724  1.3638
2083  2.8653  2.5578  1.6504  1.5061  1.3018
2084  2.8163  2.5137  1.5789  1.4415  1.2418
2085  2.7635  2.4671  1.5044  1.3746  1.1796
2086  2.7459  2.4570  1.4660  1.3441  1.1541
2087  2.7844  2.5042  1.4844  1.3709  1.1861
2088  2.8232  2.5529  1.5040  1.3993  1.2200
2089  2.8582  2.5990  1.5204  1.4252  1.2514
2090  1.6964  1.4495  0.3408  0.2555  0.0876
2091  0.1203 -0.1130 -1.2523 -1.3272 -1.4891
2092  1.7159  1.4972  0.3269  0.2628  0.1072
2093  2.3179  2.1151  0.9134  0.8608  0.7116
2094  2.4874  2.3017  1.0680  1.0274  0.8849
2095  2.4904  2.3229  1.0569  1.0287  0.8931
2096  2.4500  2.3020  1.0030  0.9879  0.8593
2097  2.4684  2.3410  1.0087  1.0071  0.8857
2098  2.4533  2.3476  0.9815  0.9940  0.8800
2099  2.4724  2.3897  0.9892  1.0165  0.9100
2100  2.4898  2.4311  0.9959  1.0383  0.9397
2101  2.5788  2.5788  1.1150  1.1150  1.1150
2102  2.5792  2.5792  1.1154  1.1154  1.1154
2103  2.5303  2.5303  1.0665  1.0665  1.0665
2104  2.5015  2.5015  1.0377  1.0377  1.0377
2105  2.4433  2.4433  0.9795  0.9795  0.9795
2106  2.3986  2.3986  0.9348  0.9348  0.9348
2107  2.3522  2.3522  0.8884  0.8884  0.8884
2108  2.3651  2.3651  0.9013  0.9013  0.9013
2109  2.4031  2.4031  0.9393  0.9393  0.9393
2110  2.4871  2.4871  1.0233  1.0233  1.0233
2111  2.5140  2.5140  1.0502  1.0502  1.0502
2112  2.5426  2.5426  1.0788  1.0788  1.0788
2113  2.5273  2.5273  1.0635  1.0635  1.0635
2114  2.4924  2.4924  1.0286  1.0286  1.0286
2115  2.4573  2.4573  0.9935  0.9935  0.9935
2116  2.4223  2.4223  0.9585  0.9585  0.9585
2117  2.3874  2.3874  0.9236  0.9236  0.9236
2118  2.3523  2.3523  0.8885  0.8885  0.8885
2119  2.3523  2.3523  0.8885  0.8885  0.8885
2120  2.4106  2.4106  0.9468  0.9468  0.9468
2121  2.4691  2.4691  1.0053  1.0053  1.0053
2122  2.5273  2.5273  1.0635  1.0635  1.0635
2123  2.5273  2.5273  1.0635  1.0635  1.0635
2124  2.5273  2.5273  1.0635  1.0635  1.0635
2125  2.4924  2.4924  1.0286  1.0286  1.0286
2126  2.4573  2.4573  0.9935  0.9935  0.9935
2127  2.4223  2.4223  0.9585  0.9585  0.9585
2128  2.3874  2.3874  0.9236  0.9236  0.9236
2129  2.3523  2.3523  0.8885  0.8885  0.8885
2130  1.3951  1.3951 -0.0687 -0.0687 -0.0687
2131  0.8617  0.8617 -0.6021 -0.6021 -0.6021
2132  1.5759  1.5759  0.1121  0.1121  0.1121
2133  2.0929  2.0929  0.6291  0.6291  0.6291
2134  2.2938  2.2938  0.8300  0.8300  0.8300
2135  1.9969  1.9969  0.5331  0.5331  0.5331
2136  1.8012  1.8012  0.3374  0.3374  0.3374
2137  2.1763  2.1763  0.7125  0.7125  0.7125
2138  2.4223  2.4223  0.9585  0.9585  0.9585
2139  2.3874  2.3874  0.9236  0.9236  0.9236
2140  2.3523  2.3523  0.8885  0.8885  0.8885
2141  2.3523  2.3523  0.8885  0.8885  0.8885
2142  2.4106  2.4106  0.9468  0.9468  0.9468
2143  2.4691  2.4691  1.0053  1.0053  1.0053
2144  2.5273  2.5273  1.0635  1.0635  1.0635
2145  2.5273  2.5273  1.0635  1.0635  1.0635
2146  2.5273  2.5273  1.0635  1.0635  1.0635
2147  2.4924  2.4924  1.0286  1.0286  1.0286
2148  2.4573  2.4573  0.9935  0.9935  0.9935
2149  2.4223  2.4223  0.9585  0.9585  0.9585
2150  2.3874  2.3874  0.9236  0.9236  0.9236
2151  2.3523  2.3523  0.8885  0.8885  0.8885
2152  2.3523  2.3523  0.8885  0.8885  0.8885
2153  2.4106  2.4106  0.9468  0.9468  0.9468
2154  2.4691  2.4691  1.0053  1.0053  1.0053
2155  2.5273  2.5273  1.0635  1.0635  1.0635
2156  2.5273  2.5273  1.0635  1.0635  1.0635
2157  2.5273  2.5273  1.0635  1.0635  1.0635
2158  2.4924  2.4924  1.0286  1.0286  1.0286
2159  2.4573  2.4573  0.9935  0.9935  0.9935
2160  1.3142  1.3142 -0.1496 -0.1496 -0.1496
2161  0.7568  0.7568 -0.7070 -0.7070 -0.7070
2162  1.7587  1.7587  0.2949  0.2949  0.2949
2163  2.1617  2.1617  0.6979  0.6979  0.6979
2164  2.1986  2.1986  0.7348  0.7348  0.7348
2165  2.3314  2.3314  0.8676  0.8676  0.8676
2166  2.4523  2.4523  0.9885  0.9885  0.9885
2167  2.4860  2.4860  1.0222  1.0222  1.0222
2168  2.5273  2.5273  1.0635  1.0635  1.0635
2169  2.4924  2.4924  1.0286  1.0286  1.0286
2170  2.4573  2.4573  0.9935  0.9935  0.9935
2171  2.4223  2.4223  0.9585  0.9585  0.9585
2172  2.3874  2.3874  0.9236  0.9236  0.9236
2173  2.3523  2.3523  0.8885  0.8885  0.8885
2174  2.3523  2.3523  0.8885  0.8885  0.8885
2175  2.4106  2.4106  0.9468  0.9468  0.9468
2176  2.4691  2.4691  1.0053  1.0053  1.0053
2177  2.5273  2.5273  1.0635  1.0635  1.0635
2178  2.5273  2.5273  1.0635  1.0635  1.0635
2179  2.5273  2.5273  1.0635  1.0635  1.0635
2180  2.4924  2.4924  1.0286  1.0286  1.0286
2181  2.4573  2.4573  0.9935  0.9935  0.9935
2182  2.4223  2.4223  0.9585  0.9585  0.9585
2183  2.3874  2.3874  0.9236  0.9236  0.9236
2184  2.3523  2.3523  0.8885  0.8885  0.8885
2185  2.3523  2.3523  0.8885  0.8885  0.8885
2186  2.4106  2.4106  0.9468  0.9468  0.9468
2187  2.4691  2.4691  1.0053  1.0053  1.0053
2188  2.5273  2.5273  1.0635  1.0635  1.0635
2189  2.5273  2.5273  1.0635  1.0635  1.0635
2190  1.3872  1.3872 -0.0766 -0.0766 -0.0766
2191 -0.1939 -0.1939 -1.6577 -1.6577 -1.6577
2192  1.4303  1.4303 -0.0335 -0.0335 -0.0335
2193  2.0635  2.0635  0.5997  0.5997  0.5997
2194  2.2657  2.2657  0.8019  0.8019  0.8019
2195  2.3028  2.3028  0.8390  0.8390  0.8390
2196  2.3323  2.3323  0.8685  0.8685  0.8685
2197  2.4462  2.4462  0.9824  0.9824  0.9824
2198  2.4691  2.4691  1.0053  1.0053  1.0053
2199  2.5273  2.5273  1.0635  1.0635  1.0635
2200  2.5273  2.5273  1.0635  1.0635  1.0635
-------------------------------------------
