 Global surface temperature with CO2 extraction
-------------------------------------------------------
 year     +2%   const_339 const_695     -3%       -6%
-------------------------------------------------------
 1850   -0.0390   -0.0390   -0.0390   -0.0390   -0.0390
 1851   -0.0014   -0.0014   -0.0014   -0.0014   -0.0014
 1852    0.0314    0.0314    0.0314    0.0314    0.0314
 1853    0.0516    0.0516    0.0516    0.0516    0.0516
 1854    0.0638    0.0638    0.0638    0.0638    0.0638
 1855    0.0670    0.0670    0.0670    0.0670    0.0670
 1856   -0.0245   -0.0245   -0.0245   -0.0245   -0.0245
 1857   -0.1506   -0.1506   -0.1506   -0.1506   -0.1506
 1858   -0.1503   -0.1503   -0.1503   -0.1503   -0.1503
 1859   -0.0856   -0.0856   -0.0856   -0.0856   -0.0856
 1860   -0.0258   -0.0258   -0.0258   -0.0258   -0.0258
 1861    0.0100    0.0100    0.0100    0.0100    0.0100
 1862    0.0029    0.0029    0.0029    0.0029    0.0029
 1863    0.0028    0.0028    0.0028    0.0028    0.0028
 1864    0.0210    0.0210    0.0210    0.0210    0.0210
 1865    0.0411    0.0411    0.0411    0.0411    0.0411
 1866    0.0621    0.0621    0.0621    0.0621    0.0621
 1867    0.0807    0.0807    0.0807    0.0807    0.0807
 1868    0.0942    0.0942    0.0942    0.0942    0.0942
 1869    0.1059    0.1059    0.1059    0.1059    0.1059
 1870    0.1185    0.1185    0.1185    0.1185    0.1185
 1871    0.1273    0.1273    0.1273    0.1273    0.1273
 1872    0.1320    0.1320    0.1320    0.1320    0.1320
 1873    0.1282    0.1282    0.1282    0.1282    0.1282
 1874    0.1260    0.1260    0.1260    0.1260    0.1260
 1875    0.1256    0.1256    0.1256    0.1256    0.1256
 1876    0.1124    0.1124    0.1124    0.1124    0.1124
 1877    0.1049    0.1049    0.1049    0.1049    0.1049
 1878    0.1066    0.1066    0.1066    0.1066    0.1066
 1879    0.1116    0.1116    0.1116    0.1116    0.1116
 1880    0.1201    0.1201    0.1201    0.1201    0.1201
 1881    0.1307    0.1307    0.1307    0.1307    0.1307
 1882    0.1344    0.1344    0.1344    0.1344    0.1344
 1883    0.0189    0.0189    0.0189    0.0189    0.0189
 1884   -0.3167   -0.3167   -0.3167   -0.3167   -0.3167
 1885   -0.3612   -0.3612   -0.3612   -0.3612   -0.3612
 1886   -0.2798   -0.2798   -0.2798   -0.2798   -0.2798
 1887   -0.2405   -0.2405   -0.2405   -0.2405   -0.2405
 1888   -0.1892   -0.1892   -0.1892   -0.1892   -0.1892
 1889   -0.1720   -0.1720   -0.1720   -0.1720   -0.1720
 1890   -0.1950   -0.1950   -0.1950   -0.1950   -0.1950
 1891   -0.1863   -0.1863   -0.1863   -0.1863   -0.1863
 1892   -0.1532   -0.1532   -0.1532   -0.1532   -0.1532
 1893   -0.0905   -0.0905   -0.0905   -0.0905   -0.0905
 1894   -0.0140   -0.0140   -0.0140   -0.0140   -0.0140
 1895    0.0338    0.0338    0.0338    0.0338    0.0338
 1896    0.0168    0.0168    0.0168    0.0168    0.0168
 1897    0.0024    0.0024    0.0024    0.0024    0.0024
 1898    0.0088    0.0088    0.0088    0.0088    0.0088
 1899    0.0364    0.0364    0.0364    0.0364    0.0364
 1900    0.0667    0.0667    0.0667    0.0667    0.0667
 1901    0.0887    0.0887    0.0887    0.0887    0.0887
 1902    0.0541    0.0541    0.0541    0.0541    0.0541
 1903   -0.1051   -0.1051   -0.1051   -0.1051   -0.1051
 1904   -0.1164   -0.1164   -0.1164   -0.1164   -0.1164
 1905   -0.0553   -0.0553   -0.0553   -0.0553   -0.0553
 1906    0.0029    0.0029    0.0029    0.0029    0.0029
 1907    0.0310    0.0310    0.0310    0.0310    0.0310
 1908    0.0464    0.0464    0.0464    0.0464    0.0464
 1909    0.0714    0.0714    0.0714    0.0714    0.0714
 1910    0.0920    0.0920    0.0920    0.0920    0.0920
 1911    0.1089    0.1089    0.1089    0.1089    0.1089
 1912    0.0788    0.0788    0.0788    0.0788    0.0788
 1913    0.0496    0.0496    0.0496    0.0496    0.0496
 1914    0.0680    0.0680    0.0680    0.0680    0.0680
 1915    0.1060    0.1060    0.1060    0.1060    0.1060
 1916    0.1383    0.1383    0.1383    0.1383    0.1383
 1917    0.1637    0.1637    0.1637    0.1637    0.1637
 1918    0.1831    0.1831    0.1831    0.1831    0.1831
 1919    0.1918    0.1918    0.1918    0.1918    0.1918
 1920    0.1772    0.1772    0.1772    0.1772    0.1772
 1921    0.1696    0.1696    0.1696    0.1696    0.1696
 1922    0.1819    0.1819    0.1819    0.1819    0.1819
 1923    0.1993    0.1993    0.1993    0.1993    0.1993
 1924    0.2057    0.2057    0.2057    0.2057    0.2057
 1925    0.2141    0.2141    0.2141    0.2141    0.2141
 1926    0.2247    0.2247    0.2247    0.2247    0.2247
 1927    0.2397    0.2397    0.2397    0.2397    0.2397
 1928    0.2389    0.2389    0.2389    0.2389    0.2389
 1929    0.2256    0.2256    0.2256    0.2256    0.2256
 1930    0.2290    0.2290    0.2290    0.2290    0.2290
 1931    0.2373    0.2373    0.2373    0.2373    0.2373
 1932    0.2321    0.2321    0.2321    0.2321    0.2321
 1933    0.2309    0.2309    0.2309    0.2309    0.2309
 1934    0.2413    0.2413    0.2413    0.2413    0.2413
 1935    0.2530    0.2530    0.2530    0.2530    0.2530
 1936    0.2716    0.2716    0.2716    0.2716    0.2716
 1937    0.2845    0.2845    0.2845    0.2845    0.2845
 1938    0.2877    0.2877    0.2877    0.2877    0.2877
 1939    0.2933    0.2933    0.2933    0.2933    0.2933
 1940    0.3000    0.3000    0.3000    0.3000    0.3000
 1941    0.3072    0.3072    0.3072    0.3072    0.3072
 1942    0.3053    0.3053    0.3053    0.3053    0.3053
 1943    0.2997    0.2997    0.2997    0.2997    0.2997
 1944    0.3025    0.3025    0.3025    0.3025    0.3025
 1945    0.3111    0.3111    0.3111    0.3111    0.3111
 1946    0.3179    0.3179    0.3179    0.3179    0.3179
 1947    0.3260    0.3260    0.3260    0.3260    0.3260
 1948    0.3378    0.3378    0.3378    0.3378    0.3378
 1949    0.3412    0.3412    0.3412    0.3412    0.3412
 1950    0.3414    0.3414    0.3414    0.3414    0.3414
 1951    0.3399    0.3399    0.3399    0.3399    0.3399
 1952    0.3369    0.3369    0.3369    0.3369    0.3369
 1953    0.3347    0.3347    0.3347    0.3347    0.3347
 1954    0.3341    0.3341    0.3341    0.3341    0.3341
 1955    0.3422    0.3422    0.3422    0.3422    0.3422
 1956    0.3585    0.3585    0.3585    0.3585    0.3585
 1957    0.3816    0.3816    0.3816    0.3816    0.3816
 1958    0.3984    0.3984    0.3984    0.3984    0.3984
 1959    0.4058    0.4058    0.4058    0.4058    0.4058
 1960    0.4020    0.4020    0.4020    0.4020    0.4020
 1961    0.3792    0.3792    0.3792    0.3792    0.3792
 1962    0.3549    0.3549    0.3549    0.3549    0.3549
 1963    0.2562    0.2562    0.2562    0.2562    0.2562
 1964    0.1153    0.1153    0.1153    0.1153    0.1153
 1965    0.0933    0.0933    0.0933    0.0933    0.0933
 1966    0.1492    0.1492    0.1492    0.1492    0.1492
 1967    0.2110    0.2110    0.2110    0.2110    0.2110
 1968    0.2174    0.2174    0.2174    0.2174    0.2174
 1969    0.2002    0.2002    0.2002    0.2002    0.2002
 1970    0.2382    0.2382    0.2382    0.2382    0.2382
 1971    0.2954    0.2954    0.2954    0.2954    0.2954
 1972    0.3448    0.3448    0.3448    0.3448    0.3448
 1973    0.3740    0.3740    0.3740    0.3740    0.3740
 1974    0.3859    0.3859    0.3859    0.3859    0.3859
 1975    0.3503    0.3503    0.3503    0.3503    0.3503
 1976    0.3661    0.3661    0.3661    0.3661    0.3661
 1977    0.4168    0.4168    0.4168    0.4168    0.4168
 1978    0.4583    0.4583    0.4583    0.4583    0.4583
 1979    0.4938    0.4938    0.4938    0.4938    0.4938
 1980    0.5340    0.5340    0.5340    0.5340    0.5340
 1981    0.5677    0.5677    0.5677    0.5677    0.5677
 1982    0.4628    0.4628    0.4628    0.4628    0.4628
 1983    0.3236    0.3236    0.3236    0.3236    0.3236
 1984    0.3485    0.3485    0.3485    0.3485    0.3485
 1985    0.4330    0.4330    0.4330    0.4330    0.4330
 1986    0.4856    0.4856    0.4856    0.4856    0.4856
 1987    0.5294    0.5294    0.5294    0.5294    0.5294
 1988    0.5803    0.5803    0.5803    0.5803    0.5803
 1989    0.6355    0.6355    0.6355    0.6355    0.6355
 1990    0.6765    0.6765    0.6765    0.6765    0.6765
 1991    0.5840    0.5840    0.5840    0.5840    0.5840
 1992    0.3399    0.3399    0.3399    0.3399    0.3399
 1993    0.3495    0.3495    0.3495    0.3495    0.3495
 1994    0.4628    0.4628    0.4628    0.4628    0.4628
 1995    0.5595    0.5595    0.5595    0.5595    0.5595
 1996    0.6284    0.6284    0.6284    0.6284    0.6284
 1997    0.6801    0.6801    0.6801    0.6801    0.6801
 1998    0.7343    0.7343    0.7343    0.7343    0.7343
 1999    0.7857    0.7857    0.7857    0.7857    0.7857
 2000    0.8285    0.8285    0.8285    0.8285    0.8285
 2001    0.8677    0.8677    0.8677    0.8677    0.8677
 2002    0.9130    0.9130    0.9130    0.9130    0.9130
 2003    0.9337    0.9337    0.9337    0.9337    0.9337
 2004    0.9480    0.9480    0.9480    0.9480    0.9480
 2005    0.9574    0.9574    0.9574    0.9574    0.9574
 2006    0.9667    0.9667    0.9667    0.9667    0.9667
 2007    0.9754    0.9754    0.9754    0.9754    0.9754
 2008    0.9870    0.9870    0.9870    0.9870    0.9870
 2009    0.9974    0.9974    0.9974    0.9974    0.9974
 2010    1.0174    1.0174    1.0174    1.0174    1.0174
 2011    1.0390    1.0390    1.0390    1.0390    1.0390
 2012    1.0646    1.0646    1.0646    1.0646    1.0646
 2013    1.0902    1.0902    1.0902    1.0902    1.0902
 2014    1.1136    1.1136    1.1136    1.1136    1.1136
 2015    1.1370    1.1370    1.1370    1.1370    1.1370
 2016    1.1476    1.1474    1.1474    1.1474    1.1474
 2017    1.1559    1.1554    1.1554    1.1554    1.1554
 2018    1.1646    1.1634    1.1634    1.1634    1.1634
 2019    1.1729    1.1708    1.1708    1.1708    1.1708
 2020    1.1842    1.1807    1.1807    1.1807    1.1807
 2021    1.2038    1.1988    1.1987    1.1986    1.1984
 2022    1.2287    1.2222    1.2219    1.2215    1.2208
 2023    1.2569    1.2488    1.2482    1.2473    1.2458
 2024    1.2803    1.2707    1.2696    1.2680    1.2653
 2025    1.2998    1.2889    1.2870    1.2845    1.2804
 2026    1.3140    1.3018    1.2990    1.2954    1.2895
 2027    1.3239    1.3104    1.3065    1.3016    1.2937
 2028    1.3308    1.3162    1.3110    1.3047    1.2944
 2029    1.3356    1.3201    1.3133    1.3053    1.2925
 2030    1.2309    1.2144    1.2059    1.1962    1.1805
 2031    1.0827    1.0655    1.0550    1.0433    1.0247
 2032    1.0653    1.0473    1.0347    1.0209    0.9991
 2033    1.1276    1.1090    1.0941    1.0781    1.0530
 2034    1.1982    1.1790    1.1615    1.1432    1.1148
 2035    1.2095    1.1898    1.1696    1.1488    1.1170
 2036    1.1927    1.1726    1.1493    1.1261    1.0907
 2037    1.2254    1.2049    1.1785    1.1527    1.1138
 2038    1.2843    1.2633    1.2336    1.2052    1.1627
 2039    1.3223    1.3010    1.2677    1.2367    1.1905
 2040    1.3497    1.3280    1.2909    1.2572    1.2075
 2041    1.3724    1.3503    1.3092    1.2728    1.2195
 2042    1.3891    1.3666    1.3213    1.2822    1.2254
 2043    1.4085    1.3856    1.3360    1.2940    1.2338
 2044    1.4312    1.4079    1.3537    1.3090    1.2453
 2045    1.4585    1.4346    1.3756    1.3282    1.2611
 2046    1.4818    1.4573    1.3934    1.3432    1.2728
 2047    1.4985    1.4733    1.4043    1.3514    1.2778
 2048    1.5078    1.4819    1.4074    1.3519    1.2751
 2049    1.5132    1.4863    1.4064    1.3482    1.2684
 2050    1.5162    1.4884    1.4027    1.3419    1.2591
 2051    1.5175    1.4886    1.3969    1.3336    1.2480
 2052    1.5175    1.4873    1.3895    1.3237    1.2353
 2053    1.5197    1.4880    1.3839    1.3157    1.2247
 2054    1.5303    1.4971    1.3865    1.3160    1.2224
 2055    1.5469    1.5120    1.3946    1.3218    1.2258
 2056    1.5673    1.5304    1.4061    1.3311    1.2329
 2057    1.5839    1.5448    1.4133    1.3363    1.2359
 2058    1.5975    1.5560    1.4172    1.3382    1.2358
 2059    1.6059    1.5617    1.4154    1.3345    1.2302
 2060    1.4860    1.4389    1.2849    1.2022    1.0961
 2061    1.3297    1.2795    1.1176    1.0332    0.9255
 2062    1.3418    1.2881    1.1181    1.0322    0.9229
 2063    1.4116    1.3542    1.1758    1.0885    0.9778
 2064    1.4512    1.3898    1.2028    1.1142    1.0023
 2065    1.4875    1.4217    1.2260    1.1362    1.0232
 2066    1.5283    1.4578    1.2532    1.1624    1.0483
 2067    1.5688    1.4932    1.2795    1.1878    1.0728
 2068    1.6041    1.5231    1.3000    1.2076    1.0919
 2069    1.6316    1.5448    1.3121    1.2191    1.1028
 2070    1.6571    1.5640    1.3216    1.2281    1.1113
 2071    1.6790    1.5796    1.3272    1.2335    1.1164
 2072    1.6895    1.5839    1.3214    1.2275    1.1102
 2073    1.6945    1.5830    1.3101    1.2163    1.0989
 2074    1.6970    1.5801    1.2966    1.2030    1.0857
 2075    1.7003    1.5784    1.2840    1.1908    1.0737
 2076    1.7107    1.5842    1.2788    1.1862    1.0694
 2077    1.7261    1.5955    1.2789    1.1870    1.0706
 2078    1.7442    1.6101    1.2820    1.1911    1.0752
 2079    1.7574    1.6203    1.2806    1.1908    1.0756
 2080    1.7668    1.6273    1.2756    1.1872    1.0728
 2081    1.7698    1.6283    1.2645    1.1776    1.0642
 2082    1.7678    1.6249    1.2488    1.1636    1.0512
 2083    1.7623    1.6187    1.2300    1.1468    1.0356
 2084    1.7546    1.6108    1.2093    1.1282    1.0182
 2085    1.7445    1.6009    1.1864    1.1077    0.9991
 2086    1.7360    1.5933    1.1656    1.0894    0.9824
 2087    1.7352    1.5939    1.1526    1.0793    0.9739
 2088    1.7397    1.6004    1.1454    1.0750    0.9715
 2089    1.7472    1.6103    1.1414    1.0743    0.9726
 2090    1.6219    1.4880    1.0050    0.9413    0.8416
 2091    1.3437    1.2134    0.7160    0.6560    0.5583
 2092    1.3231    1.1970    0.6849    0.6288    0.5334
 2093    1.4117    1.2902    0.7632    0.7113    0.6182
 2094    1.4801    1.3639    0.8217    0.7742    0.6835
 2095    1.5176    1.4071    0.8496    0.8068    0.7186
 2096    1.5341    1.4298    0.8567    0.8188    0.7332
 2097    1.5457    1.4483    0.8593    0.8266    0.7437
 2098    1.5525    1.4625    0.8573    0.8300    0.7500
 2099    1.5591    1.4771    0.8555    0.8339    0.7569
 2100    1.5735    1.5000    0.8619    0.8462    0.7722
 2101    1.6053    1.5446    0.8903    0.8743    0.8137
 2102    1.6224    1.5715    0.9046    0.8880    0.8379
 2103    1.6259    1.5814    0.9048    0.8885    0.8448
 2104    1.6242    1.5846    0.8999    0.8840    0.8451
 2105    1.6175    1.5818    0.8901    0.8747    0.8395
 2106    1.6084    1.5759    0.8781    0.8632    0.8309
 2107    1.5975    1.5676    0.8645    0.8499    0.8202
 2108    1.5920    1.5642    0.8563    0.8420    0.8145
 2109    1.5932    1.5672    0.8551    0.8410    0.8153
 2110    1.6039    1.5793    0.8635    0.8495    0.8254
 2111    1.6144    1.5908    0.8716    0.8579    0.8347
 2112    1.6243    1.6016    0.8791    0.8658    0.8433
 2113    1.6299    1.6080    0.8824    0.8694    0.8477
 2114    1.6300    1.6088    0.8802    0.8675    0.8465
 2115    1.6268    1.6062    0.8748    0.8624    0.8420
 2116    1.6215    1.6016    0.8674    0.8553    0.8354
 2117    1.6148    1.5955    0.8587    0.8468    0.8275
 2118    1.6068    1.5880    0.8486    0.8370    0.8182
 2119    1.6014    1.5832    0.8412    0.8299    0.8115
 2120    1.6044    1.5866    0.8422    0.8311    0.8132
 2121    1.6136    1.5963    0.8495    0.8386    0.8212
 2122    1.6264    1.6095    0.8605    0.8498    0.8327
 2123    1.6354    1.6189    0.8677    0.8572    0.8405
 2124    1.6414    1.6254    0.8720    0.8617    0.8453
 2125    1.6423    1.6266    0.8711    0.8610    0.8450
 2126    1.6394    1.6240    0.8665    0.8566    0.8409
 2127    1.6342    1.6192    0.8596    0.8499    0.8346
 2128    1.6276    1.6130    0.8514    0.8418    0.8268
 2129    1.6197    1.6053    0.8418    0.8324    0.8177
 2130    1.5066    1.4925    0.7271    0.7179    0.7034
 2131    1.3566    1.3428    0.5756    0.5665    0.5523
 2132    1.3355    1.3220    0.5530    0.5440    0.5301
 2133    1.3920    1.3788    0.6080    0.5992    0.5855
 2134    1.4497    1.4366    0.6642    0.6555    0.6420
 2135    1.4493    1.4365    0.6623    0.6538    0.6405
 2136    1.4188    1.4062    0.6304    0.6220    0.6090
 2137    1.4396    1.4273    0.6498    0.6416    0.6287
 2138    1.4884    1.4763    0.6972    0.6891    0.6764
 2139    1.5173    1.5054    0.7248    0.7167    0.7043
 2140    1.5358    1.5241    0.7419    0.7340    0.7218
 2141    1.5533    1.5418    0.7581    0.7503    0.7383
 2142    1.5709    1.5596    0.7744    0.7667    0.7549
 2143    1.5891    1.5779    0.7913    0.7837    0.7720
 2144    1.6083    1.5973    0.8092    0.8017    0.7902
 2145    1.6243    1.6135    0.8240    0.8166    0.8053
 2146    1.6374    1.6267    0.8358    0.8286    0.8174
 2147    1.6419    1.6314    0.8392    0.8320    0.8210
 2148    1.6405    1.6302    0.8366    0.8295    0.8186
 2149    1.6367    1.6265    0.8316    0.8246    0.8139
 2150    1.6312    1.6212    0.8250    0.8180    0.8075
 2151    1.6243    1.6144    0.8169    0.8101    0.7996
 2152    1.6197    1.6099    0.8111    0.8044    0.7941
 2153    1.6235    1.6138    0.8138    0.8071    0.7969
 2154    1.6332    1.6237    0.8224    0.8159    0.8058
 2155    1.6467    1.6373    0.8348    0.8283    0.8184
 2156    1.6562    1.6470    0.8433    0.8369    0.8271
 2157    1.6627    1.6535    0.8486    0.8423    0.8326
 2158    1.6639    1.6549    0.8488    0.8425    0.8330
 2159    1.6613    1.6524    0.8452    0.8390    0.8296
 2160    1.5319    1.5231    0.7147    0.7086    0.6993
 2161    1.3668    1.3581    0.5486    0.5425    0.5333
 2162    1.3700    1.3614    0.5508    0.5448    0.5357
 2163    1.4346    1.4261    0.6144    0.6085    0.5995
 2164    1.4748    1.4664    0.6536    0.6478    0.6389
 2165    1.5090    1.5008    0.6869    0.6811    0.6724
 2166    1.5452    1.5370    0.7221    0.7164    0.7077
 2167    1.5735    1.5654    0.7494    0.7438    0.7352
 2168    1.5970    1.5890    0.7721    0.7665    0.7580
 2169    1.6103    1.6024    0.7844    0.7789    0.7705
 2170    1.6229    1.6151    0.7961    0.7906    0.7823
 2171    1.6338    1.6261    0.8061    0.8007    0.7925
 2172    1.6346    1.6270    0.8060    0.8007    0.7925
 2173    1.6306    1.6230    0.8011    0.7958    0.7877
 2174    1.6285    1.6211    0.7981    0.7929    0.7849
 2175    1.6340    1.6267    0.8028    0.7976    0.7897
 2176    1.6449    1.6376    0.8128    0.8076    0.7998
 2177    1.6590    1.6518    0.8261    0.8210    0.8133
 2178    1.6689    1.6618    0.8351    0.8301    0.8224
 2179    1.6757    1.6686    0.8411    0.8361    0.8285
 2180    1.6772    1.6702    0.8417    0.8368    0.8293
 2181    1.6748    1.6679    0.8385    0.8336    0.8262
 2182    1.6702    1.6633    0.8331    0.8282    0.8209
 2183    1.6640    1.6572    0.8261    0.8213    0.8140
 2184    1.6564    1.6497    0.8177    0.8130    0.8058
 2185    1.6512    1.6446    0.8118    0.8071    0.7999
 2186    1.6545    1.6480    0.8143    0.8096    0.8026
 2187    1.6638    1.6573    0.8228    0.8182    0.8112
 2188    1.6768    1.6704    0.8351    0.8305    0.8236
 2189    1.6860    1.6796    0.8435    0.8389    0.8320
 2190    1.5639    1.5576    0.7206    0.7161    0.7093
 2191    1.2880    1.2818    0.4440    0.4395    0.4328
 2192    1.2719    1.2658    0.4272    0.4227    0.4161
 2193    1.3674    1.3613    0.5219    0.5175    0.5109
 2194    1.4445    1.4384    0.5982    0.5939    0.5873
 2195    1.4915    1.4855    0.6445    0.6402    0.6337
 2196    1.5220    1.5161    0.6743    0.6700    0.6636
 2197    1.5545    1.5486    0.7062    0.7019    0.6955
 2198    1.5805    1.5747    0.7315    0.7273    0.7209
 2199    1.6048    1.5991    0.7551    0.7509    0.7446
 2200    1.6300    1.6243    0.7796    0.7754    0.7692
-------------------------------------------------------
