Surface temperature (C)
Doubled CO2: 
GISS modelE-R for CMIP5
-----------------------
Year    Land   Ocean
-----------------------
   1   1.130   0.326
   2   1.579   0.633
   3   1.916   0.688
   4   2.141   0.717
   5   1.964   0.828
   6   2.102   0.753
   7   2.135   0.776
   8   2.125   0.753
   9   1.961   0.715
  10   2.144   0.817
  11   2.034   0.743
  12   2.032   0.768
  13   2.020   0.797
  14   2.194   0.837
  15   2.162   0.847
  16   2.086   0.884
  17   2.039   0.828
  18   1.977   0.813
  19   2.228   0.900
  20   2.184   0.892
  21   2.241   0.934
  22   2.135   0.896
  23   1.929   0.924
  24   2.296   0.941
  25   2.191   0.948
  26   2.309   0.928
  27   2.168   0.965
  28   2.374   0.984
  29   2.119   0.905
  30   2.168   0.912
  31   2.132   0.977
  32   2.157   0.963
  33   2.099   0.926
  34   2.001   0.949
  35   1.990   0.906
  36   2.158   0.911
  37   2.346   0.964
  38   2.326   0.980
  39   2.214   0.972
  40   2.125   0.965
  41   2.188   0.959
  42   2.161   0.915
  43   2.168   0.927
  44   2.168   0.993
  45   2.217   0.965
  46   2.395   0.993
  47   2.170   0.964
  48   2.289   1.031
  49   2.341   0.966
  50   2.270   0.962
  51   2.359   0.942
  52   2.095   0.960
  53   2.083   0.962
  54   2.345   1.047
  55   2.164   1.005
  56   2.266   0.989
  57   2.182   1.043
  58   2.086   1.018
  59   2.253   1.064
  60   2.378   1.046
  61   2.216   1.009
  62   2.174   0.992
  63   2.125   1.014
  64   2.244   1.013
  65   2.159   1.030
  66   2.193   1.039
  67   2.220   1.082
  68   2.098   0.996
  69   2.066   1.088
  70   2.260   1.101
  71   2.385   1.074
  72   2.391   1.084
  73   2.305   1.073
  74   2.138   1.059
  75   2.408   1.092
  76   2.247   1.084
  77   2.264   1.061
  78   2.240   1.091
  79   2.504   1.138
  80   2.366   1.143
  81   2.236   1.181
  82   2.191   1.183
  83   2.395   1.181
  84   2.243   1.180
  85   2.114   1.146
  86   2.191   1.119
  87   2.404   1.103
  88   2.398   1.138
  89   2.477   1.105
  90   2.438   1.142
  91   2.243   1.131
  92   2.303   1.123
  93   2.628   1.247
  94   2.243   1.145
  95   2.417   1.124
  96   2.312   1.160
  97   2.289   1.165
  98   2.207   1.123
  99   2.263   1.099
 100   2.503   1.108
 101   2.408   1.134
 102   2.214   1.116
 103   2.243   1.186
 104   2.302   1.093
 105   2.378   1.076
 106   2.168   1.022
 107   2.157   1.034
 108   2.109   1.152
 109   2.348   1.182
 110   2.424   1.248
 111   2.424   1.261
 112   2.401   1.199
 113   2.490   1.196
 114   2.490   1.186
 115   2.451   1.244
 116   2.341   1.226
 117   2.592   1.244
 118   2.415   1.159
 119   2.392   1.137
 120   2.336   1.142
 121   2.461   1.169
 122   2.578   1.127
 123   2.346   1.101
 124   2.372   1.057
 125   2.375   1.093
 126   2.313   1.169
 127   2.487   1.145
 128   2.605   1.186
 129   2.467   1.195
 130   2.430   1.191
 131   2.364   1.211
 132   2.639   1.236
 133   2.582   1.238
 134   2.536   1.202
 135   2.372   1.180
 136   2.461   1.234
 137   2.615   1.194
 138   2.318   1.216
 139   2.536   1.194
 140   2.394   1.291
 141   2.578   1.256
 142   2.418   1.251
 143   2.635   1.280
 144   2.467   1.241
 145   2.576   1.255
 146   2.348   1.254
 147   2.329   1.259
 148   2.507   1.265
 149   2.517   1.249
 150   2.539   1.268
 151   2.441   1.252
 152   2.757   1.331
 153   2.568   1.291
 154   2.438   1.218
 155   2.568   1.251
 156   2.467   1.208
 157   2.529   1.247
 158   2.336   1.216
 159   2.374   1.229
 160   2.434   1.236
 161   2.266   1.260
 162   2.364   1.211
 163   2.563   1.210
 164   2.573   1.267
 165   2.710   1.327
 166   2.330   1.277
 167   2.378   1.287
 168   2.494   1.283
 169   2.418   1.285
 170   2.589   1.306
 171   2.441   1.309
 172   2.451   1.300
 173   2.533   1.280
 174   2.674   1.312
 175   2.759   1.341
 176   2.513   1.301
 177   2.503   1.242
 178   2.415   1.215
 179   2.320   1.245
 180   2.313   1.285
 181   2.675   1.299
 182   2.598   1.285
 183   2.457   1.200
 184   2.553   1.234
 185   2.622   1.236
 186   2.511   1.217
 187   2.532   1.285
 188   2.484   1.254
 189   2.427   1.241
 190   2.467   1.277
 191   2.447   1.286
 192   2.470   1.315
 193   2.490   1.313
 194   2.555   1.246
 195   2.348   1.239
 196   2.576   1.300
 197   2.586   1.373
 198   2.615   1.344
 199   2.697   1.366
 200   2.695   1.349
 201   2.861   1.395
 202   2.661   1.405
 203   2.649   1.405
 204   2.522   1.457
 205   2.639   1.406
 206   2.714   1.378
 207   2.714   1.409
 208   2.576   1.382
 209   2.608   1.382
 210   2.812   1.387
 211   2.671   1.387
 212   2.925   1.388
 213   2.500   1.396
 214   2.695   1.391
 215   2.901   1.422
 216   2.601   1.399
 217   2.796   1.427
 218   2.783   1.379
 219   2.532   1.342
 220   2.609   1.384
 221   2.649   1.312
 222   2.657   1.331
 223   2.491   1.260
 224   2.583   1.310
 225   2.723   1.320
 226   2.526   1.282
 227   2.635   1.343
 228   2.819   1.390
 229   2.591   1.358
 230   2.490   1.339
 231   2.645   1.333
 232   2.470   1.352
 233   2.726   1.348
 234   2.556   1.381
 235   2.588   1.379
 236   2.536   1.375
 237   2.539   1.392
 238   2.550   1.422
 239   2.585   1.432
 240   2.632   1.458
 241   2.825   1.466
 242   2.826   1.422
 243   2.684   1.388
 244   2.921   1.403
 245   2.572   1.365
 246   2.816   1.405
 247   2.596   1.481
 248   2.780   1.443
 249   2.772   1.507
 250   2.832   1.491
 251   2.777   1.427
 252   2.618   1.384
 253   2.823   1.482
 254   2.751   1.531
 255   2.737   1.469
 256   2.766   1.461
 257   2.662   1.451
 258   2.832   1.454
 259   2.710   1.429
 260   2.695   1.435
 261   2.693   1.416
 262   2.770   1.439
 263   2.672   1.443
 264   2.941   1.386
 265   2.658   1.378
 266   2.697   1.458
 267   2.648   1.422
 268   2.642   1.433
 269   2.912   1.485
 270   2.716   1.489
 271   2.684   1.428
 272   2.698   1.392
 273   2.917   1.452
 274   2.661   1.410
 275   2.730   1.409
 276   2.807   1.396
 277   2.957   1.382
 278   2.823   1.369
 279   2.609   1.343
 280   2.549   1.347
 281   2.612   1.461
 282   2.730   1.466
 283   2.731   1.435
 284   2.724   1.401
 285   2.691   1.372
 286   2.697   1.388
 287   2.746   1.417
 288   2.859   1.477
 289   2.754   1.507
 290   2.553   1.390
 291   2.865   1.451
 292   2.648   1.382
 293   2.608   1.384
 294   2.651   1.310
 295   2.694   1.293
 296   2.874   1.390
 297   2.856   1.414
 298   2.543   1.406
 299   2.714   1.401
 300   2.718   1.456
 301   2.677   1.458
 302   2.796   1.453
 303   2.691   1.411
 304   2.473   1.414
 305   2.655   1.416
 306   2.612   1.400
 307   2.612   1.416
 308   2.802   1.498
 309   2.865   1.424
 310   2.632   1.469
 311   2.573   1.481
 312   2.769   1.481
 313   2.756   1.438
 314   2.764   1.468
 315   2.843   1.500
 316   2.914   1.501
 317   2.813   1.427
 318   2.749   1.456
 319   2.766   1.450
 320   2.731   1.447
 321   2.905   1.468
 322   2.997   1.486
 323   2.747   1.474
 324   2.759   1.481
 325   2.918   1.494
 326   2.885   1.474
 327   2.941   1.486
 328   2.868   1.486
 329   2.944   1.526
 330   2.909   1.518
 331   2.892   1.511
 332   2.868   1.540
 333   2.651   1.482
 334   2.845   1.531
 335   2.947   1.546
 336   3.003   1.490
 337   2.800   1.473
 338   2.532   1.511
 339   2.717   1.467
 340   2.841   1.466
 341   2.809   1.434
 342   2.667   1.491
 343   2.550   1.426
 344   2.812   1.451
 345   2.862   1.455
 346   2.895   1.479
 347   2.928   1.504
 348   2.961   1.528
 349   2.944   1.453
 350   2.682   1.427
 351   2.721   1.456
 352   2.467   1.419
 353   2.792   1.488
 354   2.757   1.469
 355   2.793   1.463
 356   2.819   1.501
 357   2.835   1.472
 358   2.783   1.520
 359   2.740   1.531
 360   2.658   1.471
 361   2.659   1.453
 362   2.747   1.474
 363   2.744   1.466
 364   2.740   1.443
 365   2.803   1.418
 366   2.555   1.369
 367   2.612   1.424
 368   2.894   1.442
 369   2.625   1.336
 370   2.524   1.328
 371   2.859   1.376
 372   2.799   1.345
 373   2.763   1.441
 374   2.855   1.459
 375   2.562   1.409
 376   2.750   1.390
 377   2.760   1.417
 378   2.783   1.451
 379   2.614   1.417
 380   2.608   1.405
 381   2.721   1.422
 382   2.585   1.441
 383   2.711   1.446
 384   2.783   1.448
 385   2.770   1.478
 386   2.727   1.506
 387   2.849   1.506
 388   2.717   1.509
 389   2.717   1.521
 390   2.888   1.505
 391   2.595   1.433
 392   2.655   1.480
 393   2.918   1.515
 394   2.953   1.479
 395   2.740   1.467
 396   2.718   1.465
 397   2.632   1.487
 398   2.822   1.559
 399   2.823   1.572
 400   2.968   1.542
 401   2.720   1.507
 402   2.912   1.541
 403   2.875   1.531
 404   2.858   1.488
 405   2.769   1.518
 406   2.796   1.533
 407   2.674   1.477
 408   2.724   1.494
 409   2.760   1.512
 410   3.000   1.504
 411   2.806   1.447
 412   2.626   1.381
 413   2.651   1.410
 414   2.618   1.453
 415   2.705   1.443
 416   2.516   1.407
 417   2.595   1.374
 418   2.576   1.397
 419   2.733   1.450
 420   2.707   1.410
 421   2.569   1.424
 422   2.698   1.438
 423   2.772   1.441
 424   2.872   1.497
 425   2.872   1.475
 426   2.843   1.487
 427   2.884   1.440
 428   2.665   1.474
 429   2.717   1.518
 430   2.776   1.482
 431   2.583   1.504
 432   2.770   1.508
 433   2.868   1.501
 434   2.776   1.424
 435   2.708   1.444
 436   2.718   1.492
 437   2.859   1.442
 438   2.678   1.512
 439   2.849   1.507
 440   2.787   1.491
 441   2.753   1.489
 442   2.932   1.528
 443   3.068   1.513
 444   2.823   1.515
 445   2.714   1.485
 446   2.644   1.457
 447   2.753   1.496
 448   2.928   1.505
 449   2.739   1.497
 450   2.632   1.492
 451   2.928   1.473
 452   2.773   1.488
 453   3.023   1.520
 454   2.721   1.494
 455   2.901   1.533
 456   2.864   1.552
 457   2.809   1.562
 458   2.813   1.563
 459   2.922   1.511
 460   3.036   1.523
 461   2.836   1.465
 462   2.815   1.486
 463   3.086   1.549
 464   2.915   1.598
 465   2.941   1.534
 466   2.769   1.516
 467   2.908   1.537
 468   2.974   1.517
 469   2.855   1.501
 470   2.602   1.488
 471   2.674   1.524
 472   2.872   1.517
 473   3.049   1.542
 474   2.984   1.517
 475   2.832   1.544
 476   2.815   1.563
 477   2.793   1.518
 478   2.697   1.501
 479   2.625   1.480
 480   2.707   1.521
 481   2.966   1.538
 482   2.997   1.518
 483   2.503   1.540
 484   2.878   1.554
 485   2.797   1.499
 486   2.740   1.516
 487   2.730   1.551
 488   2.852   1.595
 489   2.859   1.579
 490   2.852   1.577
 491   2.964   1.571
 492   2.875   1.572
 493   2.830   1.553
 494   2.899   1.557
 495   2.842   1.547
 496   2.862   1.573
 497   2.853   1.586
 498   2.927   1.526
 499   2.856   1.585
 500   2.924   1.518
 501   2.955   1.529
 502   2.789   1.594
 503   2.957   1.570
 504   2.868   1.567
 505   2.911   1.582
 506   2.697   1.591
 507   2.930   1.524
 508   2.784   1.533
 509   2.977   1.521
 510   2.899   1.518
 511   2.845   1.535
 512   2.862   1.532
 513   2.961   1.507
 514   2.750   1.484
 515   2.865   1.519
 516   2.734   1.568
 517   2.757   1.611
 518   2.852   1.624
 519   3.047   1.607
 520   2.934   1.613
 521   2.694   1.578
 522   2.612   1.623
 523   2.872   1.631
 524   2.904   1.538
 525   3.102   1.526
 526   2.795   1.575
 527   2.948   1.524
 528   3.178   1.592
 529   2.921   1.533
 530   2.875   1.543
 531   3.283   1.654
 532   3.063   1.607
 533   2.897   1.585
 534   2.796   1.572
 535   2.773   1.584
 536   3.086   1.637
 537   3.029   1.590
 538   2.861   1.570
 539   2.820   1.567
 540   2.770   1.569
 541   2.968   1.571
 542   2.930   1.570
 543   2.800   1.531
 544   2.958   1.543
 545   3.057   1.597
 546   3.030   1.643
 547   3.069   1.645
 548   2.927   1.634
 549   3.004   1.567
 550   2.728   1.548
 551   2.997   1.575
 552   2.945   1.522
 553   2.855   1.587
 554   2.898   1.601
 555   2.849   1.585
 556   2.868   1.582
 557   2.855   1.567
 558   2.707   1.571
 559   3.010   1.609
 560   2.953   1.594
 561   2.922   1.560
 562   2.908   1.582
 563   2.825   1.579
 564   2.954   1.592
 565   2.925   1.600
 566   2.951   1.647
 567   2.825   1.600
 568   2.784   1.545
 569   2.861   1.561
 570   3.118   1.590
 571   2.986   1.558
 572   2.664   1.521
 573   2.681   1.511
 574   2.796   1.583
 575   2.823   1.566
 576   2.912   1.549
 577   2.717   1.566
 578   2.789   1.547
 579   2.727   1.548
 580   2.853   1.555
 581   2.705   1.545
 582   2.751   1.555
 583   2.993   1.592
 584   3.043   1.584
 585   2.918   1.591
 586   2.958   1.619
 587   3.079   1.649
 588   2.835   1.668
 589   3.139   1.637
 590   3.118   1.632
 591   3.154   1.602
 592   3.079   1.610
 593   3.171   1.603
 594   3.124   1.607
 595   2.971   1.610
 596   3.034   1.608
 597   2.944   1.624
 598   3.085   1.672
 599   2.978   1.671
 600   3.132   1.674
 601   3.023   1.721
 602   3.299   1.766
 603   3.164   1.729
 604   3.009   1.691
 605   3.155   1.695
 606   3.099   1.738
 607   2.960   1.718
 608   3.204   1.757
 609   3.139   1.735
 610   3.095   1.735
 611   2.997   1.712
 612   3.091   1.704
 613   2.961   1.684
 614   3.073   1.643
 615   3.009   1.669
 616   3.053   1.718
 617   3.091   1.686
 618   3.060   1.652
 619   2.990   1.665
 620   3.003   1.624
 621   3.112   1.597
 622   3.013   1.591
 623   3.095   1.614
 624   2.928   1.619
 625   2.922   1.603
 626   2.943   1.575
 627   2.944   1.555
 628   3.076   1.620
 629   2.941   1.612
 630   2.947   1.563
 631   2.955   1.577
 632   2.924   1.607
 633   2.966   1.606
 634   3.042   1.661
 635   3.099   1.647
 636   3.093   1.642
 637   3.065   1.636
 638   2.963   1.647
 639   3.056   1.661
 640   3.089   1.649
 641   2.964   1.698
 642   3.148   1.742
 643   3.177   1.713
 644   3.148   1.654
 645   3.086   1.694
 646   3.293   1.705
 647   3.307   1.696
 648   2.970   1.608
 649   2.943   1.631
 650   3.059   1.615
 651   2.993   1.675
 652   3.089   1.664
 653   3.115   1.666
 654   3.049   1.634
 655   3.013   1.655
 656   3.105   1.713
 657   2.905   1.734
 658   3.158   1.717
 659   3.106   1.719
 660   3.105   1.779
 661   3.095   1.717
 662   3.115   1.696
 663   3.086   1.729
 664   3.303   1.762
 665   3.253   1.790
 666   3.177   1.746
 667   2.961   1.716
 668   3.259   1.681
 669   3.082   1.707
 670   3.099   1.658
 671   3.315   1.691
 672   3.039   1.644
 673   2.991   1.666
 674   2.876   1.723
 675   3.046   1.707
 676   3.049   1.703
 677   2.980   1.695
 678   3.210   1.698
 679   3.149   1.730
 680   3.409   1.758
 681   3.168   1.708
 682   3.014   1.653
 683   3.027   1.681
 684   2.974   1.684
 685   3.063   1.694
 686   3.182   1.723
 687   3.063   1.761
 688   3.149   1.787
 689   3.190   1.753
 690   3.182   1.690
 691   3.332   1.758
 692   3.188   1.722
 693   3.065   1.732
 694   3.256   1.752
 695   3.330   1.750
 696   3.033   1.697
 697   3.178   1.701
 698   3.227   1.743
 699   3.161   1.721
 700   3.384   1.680
 701   3.445   1.689
 702   3.088   1.680
 703   3.233   1.703
 704   3.247   1.705
 705   3.065   1.696
 706   3.013   1.641
 707   3.053   1.721
 708   3.141   1.773
 709   3.178   1.743
 710   3.039   1.713
 711   3.241   1.741
 712   3.256   1.715
 713   3.075   1.704
 714   2.830   1.682
 715   3.106   1.707
 716   2.999   1.724
 717   3.022   1.670
 718   3.164   1.661
 719   3.049   1.646
 720   2.865   1.649
 721   2.911   1.648
 722   3.197   1.626
 723   3.030   1.674
 724   3.216   1.668
 725   2.967   1.614
 726   3.200   1.624
 727   2.915   1.607
 728   3.027   1.624
 729   2.978   1.627
 730   3.184   1.661
 731   3.234   1.673
 732   2.961   1.651
 733   3.080   1.674
 734   2.901   1.669
 735   3.101   1.742
 736   3.114   1.684
 737   2.966   1.666
 738   3.174   1.666
 739   3.171   1.719
 740   3.039   1.725
 741   3.171   1.695
 742   3.072   1.725
 743   3.168   1.744
 744   3.000   1.709
 745   2.983   1.711
 746   3.246   1.667
 747   3.109   1.655
 748   3.112   1.718
 749   3.046   1.753
 750   3.307   1.762
 751   3.162   1.745
 752   3.270   1.703
 753   3.036   1.701
 754   3.144   1.678
 755   3.233   1.680
 756   3.151   1.660
 757   3.027   1.625
 758   2.934   1.668
 759   3.220   1.737
 760   3.033   1.719
 761   2.842   1.688
 762   3.052   1.709
 763   3.003   1.668
 764   3.055   1.704
 765   3.050   1.729
 766   3.214   1.778
 767   3.228   1.746
 768   3.299   1.798
 769   3.236   1.758
 770   3.335   1.733
 771   3.201   1.709
 772   3.273   1.706
 773   3.211   1.749
 774   3.138   1.723
 775   3.316   1.774
 776   3.191   1.714
 777   3.234   1.669
 778   2.963   1.674
 779   3.118   1.698
 780   3.191   1.722
 781   2.938   1.688
 782   3.148   1.671
 783   2.990   1.701
 784   3.201   1.720
 785   2.888   1.665
 786   3.068   1.727
 787   3.050   1.713
 788   3.149   1.722
 789   2.970   1.683
 790   3.216   1.679
 791   3.105   1.732
 792   3.092   1.699
 793   3.102   1.739
 794   3.253   1.807
 795   3.264   1.768
 796   3.141   1.764
 797   3.046   1.716
 798   3.164   1.687
 799   3.024   1.683
 800   3.247   1.762
 801   3.112   1.772
 802   3.224   1.816
 803   3.237   1.794
 804   3.217   1.811
 805   3.342   1.812
 806   3.088   1.817
 807   3.177   1.796
 808   3.053   1.712
 809   3.128   1.745
 810   3.125   1.760
 811   3.033   1.719
 812   3.046   1.714
 813   3.118   1.678
 814   2.990   1.698
 815   2.828   1.651
 816   2.977   1.687
 817   3.182   1.707
 818   2.970   1.675
 819   3.089   1.713
 820   3.086   1.651
 821   3.069   1.688
 822   3.036   1.664
 823   3.144   1.679
 824   3.223   1.685
 825   3.122   1.662
 826   3.023   1.661
 827   3.095   1.709
 828   3.004   1.690
 829   3.091   1.722
 830   3.136   1.736
 831   3.177   1.756
 832   3.295   1.758
 833   3.164   1.746
 834   3.034   1.714
 835   3.014   1.731
 836   3.208   1.823
 837   3.239   1.802
 838   3.257   1.758
 839   3.240   1.713
 840   3.030   1.726
 841   3.247   1.714
 842   2.989   1.656
 843   2.980   1.688
 844   3.112   1.686
 845   3.060   1.709
 846   2.987   1.681
 847   3.023   1.692
 848   3.148   1.725
 849   3.092   1.738
 850   3.161   1.730
 851   3.109   1.730
 852   3.141   1.708
 853   2.954   1.682
 854   3.036   1.714
 855   3.210   1.746
 856   3.182   1.719
 857   3.102   1.757
 858   3.217   1.829
 859   3.191   1.732
 860   3.003   1.710
 861   3.004   1.700
 862   3.069   1.662
 863   3.055   1.703
 864   3.159   1.733
 865   3.128   1.699
 866   3.096   1.693
 867   3.072   1.774
 868   3.358   1.796
 869   2.970   1.745
 870   3.177   1.779
 871   3.230   1.724
 872   3.198   1.765
 873   3.185   1.786
 874   3.105   1.710
 875   3.188   1.695
 876   3.149   1.705
 877   3.132   1.755
 878   3.287   1.791
 879   3.045   1.799
 880   3.421   1.789
 881   3.115   1.800
 882   3.141   1.767
 883   3.260   1.793
 884   3.119   1.795
 885   3.024   1.810
 886   3.355   1.810
 887   3.414   1.774
 888   3.168   1.777
 889   3.404   1.784
 890   3.464   1.861
 891   3.326   1.819
 892   3.263   1.779
 893   3.121   1.769
 894   3.151   1.740
 895   3.116   1.726
 896   3.320   1.801
 897   3.234   1.776
 898   3.065   1.734
 899   3.193   1.731
 900   3.170   1.759
 901   3.355   1.834
 902   3.447   1.799
 903   3.141   1.730
 904   3.322   1.757
 905   3.240   1.727
 906   3.359   1.718
 907   3.210   1.717
 908   3.102   1.734
 909   3.309   1.761
 910   3.247   1.746
 911   3.253   1.732
 912   3.164   1.756
 913   3.070   1.775
 914   3.080   1.765
 915   3.131   1.818
 916   3.273   1.804
 917   3.201   1.817
 918   3.158   1.758
 919   2.909   1.756
 920   3.030   1.771
 921   3.313   1.820
 922   3.280   1.821
 923   3.141   1.776
 924   3.188   1.730
 925   3.122   1.738
 926   3.233   1.713
 927   3.032   1.712
 928   3.043   1.772
 929   3.174   1.672
 930   3.171   1.703
 931   3.270   1.751
 932   3.161   1.746
 933   3.145   1.731
 934   3.046   1.709
 935   3.085   1.728
 936   3.168   1.737
 937   3.234   1.750
 938   3.214   1.773
 939   3.257   1.717
 940   3.178   1.729
 941   3.217   1.800
 942   3.247   1.746
 943   3.151   1.772
 944   3.197   1.774
 945   3.251   1.782
 946   3.349   1.816
 947   3.395   1.770
 948   3.300   1.826
 949   3.157   1.800
 950   3.494   1.783
 951   3.148   1.779
 952   3.430   1.836
 953   3.226   1.800
 954   3.355   1.771
 955   3.069   1.772
 956   3.023   1.767
 957   3.266   1.765
 958   3.136   1.766
 959   3.125   1.737
 960   3.059   1.708
 961   3.292   1.713
 962   3.033   1.739
 963   3.066   1.765
 964   3.293   1.808
 965   3.237   1.838
 966   3.335   1.820
 967   3.279   1.793
 968   3.224   1.793
 969   3.118   1.804
 970   3.187   1.757
 971   3.188   1.784
 972   3.276   1.740
 973   3.177   1.735
 974   3.092   1.750
 975   3.260   1.745
 976   3.372   1.753
 977   3.343   1.777
 978   3.385   1.779
 979   3.378   1.842
 980   2.989   1.852
 981   3.218   1.800
 982   3.161   1.826
 983   3.208   1.801
 984   3.105   1.786
 985   3.223   1.750
 986   3.164   1.759
 987   3.201   1.794
 988   3.203   1.864
 989   3.174   1.843
 990   3.346   1.828
 991   3.168   1.828
 992   3.389   1.749
 993   3.266   1.751
 994   3.257   1.808
 995   3.260   1.798
 996   3.216   1.815
 997   3.261   1.824
 998   3.323   1.781
 999   3.230   1.729
1000   3.105   1.695
-----------------------
