GHG forcing with CO2 extraction (W/m2)
--------------------------------------------
year    +2%   con450  con350    -3%     -6%
--------------------------------------------
1850  0.0000  0.0000  0.0000  0.0000  0.0000
1851  0.0007  0.0007  0.0007  0.0007  0.0007
1852  0.0013  0.0013  0.0013  0.0013  0.0013
1853  0.0031  0.0031  0.0031  0.0031  0.0031
1854  0.0038  0.0038  0.0038  0.0038  0.0038
1855  0.0085  0.0085  0.0085  0.0085  0.0085
1856  0.0170  0.0170  0.0170  0.0170  0.0170
1857  0.0236  0.0236  0.0236  0.0236  0.0236
1858  0.0302  0.0302  0.0302  0.0302  0.0302
1859  0.0361  0.0361  0.0361  0.0361  0.0361
1860  0.0439  0.0439  0.0439  0.0439  0.0439
1861  0.0514  0.0514  0.0514  0.0514  0.0514
1862  0.0542  0.0542  0.0542  0.0542  0.0542
1863  0.0586  0.0586  0.0586  0.0586  0.0586
1864  0.0633  0.0633  0.0633  0.0633  0.0633
1865  0.0670  0.0670  0.0670  0.0670  0.0670
1866  0.0715  0.0715  0.0715  0.0715  0.0715
1867  0.0752  0.0752  0.0752  0.0752  0.0752
1868  0.0797  0.0797  0.0797  0.0797  0.0797
1869  0.0840  0.0840  0.0840  0.0840  0.0840
1870  0.0895  0.0895  0.0895  0.0895  0.0895
1871  0.0956  0.0956  0.0956  0.0956  0.0956
1872  0.0994  0.0994  0.0994  0.0994  0.0994
1873  0.1058  0.1058  0.1058  0.1058  0.1058
1874  0.1114  0.1114  0.1114  0.1114  0.1114
1875  0.1188  0.1188  0.1188  0.1188  0.1188
1876  0.1221  0.1221  0.1221  0.1221  0.1221
1877  0.1287  0.1287  0.1287  0.1287  0.1287
1878  0.1425  0.1425  0.1425  0.1425  0.1425
1879  0.1548  0.1548  0.1548  0.1548  0.1548
1880  0.1721  0.1721  0.1721  0.1721  0.1721
1881  0.1863  0.1863  0.1863  0.1863  0.1863
1882  0.1995  0.1995  0.1995  0.1995  0.1995
1883  0.2118  0.2118  0.2118  0.2118  0.2118
1884  0.2220  0.2220  0.2220  0.2220  0.2220
1885  0.2313  0.2313  0.2313  0.2313  0.2313
1886  0.2435  0.2435  0.2435  0.2435  0.2435
1887  0.2493  0.2493  0.2493  0.2493  0.2493
1888  0.2548  0.2548  0.2548  0.2548  0.2548
1889  0.2592  0.2592  0.2592  0.2592  0.2592
1890  0.2657  0.2657  0.2657  0.2657  0.2657
1891  0.2720  0.2720  0.2720  0.2720  0.2720
1892  0.2774  0.2774  0.2774  0.2774  0.2774
1893  0.2797  0.2797  0.2797  0.2797  0.2797
1894  0.2812  0.2812  0.2812  0.2812  0.2812
1895  0.2849  0.2849  0.2849  0.2849  0.2849
1896  0.2894  0.2894  0.2894  0.2894  0.2894
1897  0.2922  0.2922  0.2922  0.2922  0.2922
1898  0.2949  0.2949  0.2949  0.2949  0.2949
1899  0.3050  0.3050  0.3050  0.3050  0.3050
1900  0.3164  0.3164  0.3164  0.3164  0.3164
1901  0.3293  0.3293  0.3293  0.3293  0.3293
1902  0.3410  0.3410  0.3410  0.3410  0.3410
1903  0.3532  0.3532  0.3532  0.3532  0.3532
1904  0.3677  0.3677  0.3677  0.3677  0.3677
1905  0.3798  0.3798  0.3798  0.3798  0.3798
1906  0.3931  0.3931  0.3931  0.3931  0.3931
1907  0.4044  0.4044  0.4044  0.4044  0.4044
1908  0.4187  0.4187  0.4187  0.4187  0.4187
1909  0.4301  0.4301  0.4301  0.4301  0.4301
1910  0.4440  0.4440  0.4440  0.4440  0.4440
1911  0.4568  0.4568  0.4568  0.4568  0.4568
1912  0.4706  0.4706  0.4706  0.4706  0.4706
1913  0.4807  0.4807  0.4807  0.4807  0.4807
1914  0.4893  0.4893  0.4893  0.4893  0.4893
1915  0.4983  0.4983  0.4983  0.4983  0.4983
1916  0.5102  0.5102  0.5102  0.5102  0.5102
1917  0.5233  0.5233  0.5233  0.5233  0.5233
1918  0.5370  0.5370  0.5370  0.5370  0.5370
1919  0.5474  0.5474  0.5474  0.5474  0.5474
1920  0.5602  0.5602  0.5602  0.5602  0.5602
1921  0.5714  0.5714  0.5714  0.5714  0.5714
1922  0.5845  0.5845  0.5845  0.5845  0.5845
1923  0.5967  0.5967  0.5967  0.5967  0.5967
1924  0.6106  0.6106  0.6106  0.6106  0.6106
1925  0.6238  0.6238  0.6238  0.6238  0.6238
1926  0.6380  0.6380  0.6380  0.6380  0.6380
1927  0.6531  0.6531  0.6531  0.6531  0.6531
1928  0.6670  0.6670  0.6670  0.6670  0.6670
1929  0.6820  0.6820  0.6820  0.6820  0.6820
1930  0.6931  0.6931  0.6931  0.6931  0.6931
1931  0.7075  0.7075  0.7075  0.7075  0.7075
1932  0.7196  0.7196  0.7196  0.7196  0.7196
1933  0.7354  0.7354  0.7354  0.7354  0.7354
1934  0.7478  0.7478  0.7478  0.7478  0.7478
1935  0.7618  0.7618  0.7618  0.7618  0.7618
1936  0.7760  0.7760  0.7760  0.7760  0.7760
1937  0.7884  0.7884  0.7884  0.7884  0.7884
1938  0.8026  0.8026  0.8026  0.8026  0.8026
1939  0.8124  0.8124  0.8124  0.8124  0.8124
1940  0.8173  0.8173  0.8173  0.8173  0.8173
1941  0.8194  0.8194  0.8194  0.8194  0.8194
1942  0.8192  0.8192  0.8192  0.8192  0.8192
1943  0.8215  0.8215  0.8215  0.8215  0.8215
1944  0.8215  0.8215  0.8215  0.8215  0.8215
1945  0.8293  0.8293  0.8293  0.8293  0.8293
1946  0.8341  0.8341  0.8341  0.8341  0.8341
1947  0.8443  0.8443  0.8443  0.8443  0.8443
1948  0.8510  0.8510  0.8510  0.8510  0.8510
1949  0.8660  0.8660  0.8660  0.8660  0.8660
1950  0.8817  0.8817  0.8817  0.8817  0.8817
1951  0.8990  0.8990  0.8990  0.8990  0.8990
1952  0.9148  0.9148  0.9148  0.9148  0.9148
1953  0.9323  0.9323  0.9323  0.9323  0.9323
1954  0.9518  0.9518  0.9518  0.9518  0.9518
1955  0.9730  0.9730  0.9730  0.9730  0.9730
1956  0.9942  0.9942  0.9942  0.9942  0.9942
1957  1.0183  1.0183  1.0183  1.0183  1.0183
1958  1.0434  1.0434  1.0434  1.0434  1.0434
1959  1.0714  1.0714  1.0714  1.0714  1.0714
1960  1.1036  1.1036  1.1036  1.1036  1.1036
1961  1.1294  1.1294  1.1294  1.1294  1.1294
1962  1.1567  1.1567  1.1567  1.1567  1.1567
1963  1.1839  1.1839  1.1839  1.1839  1.1839
1964  1.2094  1.2094  1.2094  1.2094  1.2094
1965  1.2342  1.2342  1.2342  1.2342  1.2342
1966  1.2786  1.2786  1.2786  1.2786  1.2786
1967  1.3091  1.3091  1.3091  1.3091  1.3091
1968  1.3413  1.3413  1.3413  1.3413  1.3413
1969  1.3809  1.3809  1.3809  1.3809  1.3809
1970  1.4246  1.4246  1.4246  1.4246  1.4246
1971  1.4624  1.4624  1.4624  1.4624  1.4624
1972  1.5064  1.5064  1.5064  1.5064  1.5064
1973  1.5652  1.5652  1.5652  1.5652  1.5652
1974  1.6025  1.6025  1.6025  1.6025  1.6025
1975  1.6460  1.6460  1.6460  1.6460  1.6460
1976  1.6810  1.6810  1.6810  1.6810  1.6810
1977  1.7382  1.7382  1.7382  1.7382  1.7382
1978  1.7917  1.7917  1.7917  1.7917  1.7917
1979  1.8477  1.8477  1.8477  1.8477  1.8477
1980  1.8996  1.8996  1.8996  1.8996  1.8996
1981  1.9457  1.9457  1.9457  1.9457  1.9457
1982  1.9860  1.9860  1.9860  1.9860  1.9860
1983  2.0371  2.0371  2.0371  2.0371  2.0371
1984  2.0883  2.0883  2.0883  2.0883  2.0883
1985  2.1336  2.1336  2.1336  2.1336  2.1336
1986  2.1822  2.1822  2.1822  2.1822  2.1822
1987  2.2284  2.2284  2.2284  2.2284  2.2284
1988  2.2915  2.2915  2.2915  2.2915  2.2915
1989  2.3417  2.3417  2.3417  2.3417  2.3417
1990  2.3832  2.3832  2.3832  2.3832  2.3832
1991  2.4218  2.4218  2.4218  2.4218  2.4218
1992  2.4505  2.4505  2.4505  2.4505  2.4505
1993  2.4677  2.4677  2.4677  2.4677  2.4677
1994  2.4996  2.4996  2.4996  2.4996  2.4996
1995  2.5371  2.5371  2.5371  2.5371  2.5371
1996  2.5716  2.5716  2.5716  2.5716  2.5716
1997  2.5975  2.5975  2.5975  2.5975  2.5975
1998  2.6528  2.6528  2.6528  2.6528  2.6528
1999  2.6952  2.6952  2.6952  2.6952  2.6952
2000  2.7206  2.7206  2.7206  2.7206  2.7206
2001  2.7506  2.7506  2.7506  2.7506  2.7506
2002  2.7865  2.7865  2.7865  2.7865  2.7865
2003  2.8331  2.8331  2.8331  2.8331  2.8331
2004  2.8682  2.8682  2.8682  2.8682  2.8682
2005  2.9010  2.9010  2.9010  2.9010  2.9010
2006  2.9399  2.9399  2.9399  2.9399  2.9399
2007  2.9750  2.9750  2.9750  2.9750  2.9750
2008  3.0167  3.0167  3.0167  3.0167  3.0167
2009  3.0466  3.0466  3.0466  3.0466  3.0466
2010  3.0915  3.0915  3.0915  3.0915  3.0915
2011  3.1274  3.1274  3.1274  3.1274  3.1274
2012  3.1646  3.1646  3.1646  3.1646  3.1646
2013  3.2131  3.2131  3.2131  3.2131  3.2131
2014  3.2508  3.2508  3.2508  3.2508  3.2508
2015  3.2960  3.2960  3.2960  3.2960  3.2960
2016  3.2733  3.2720  3.2720  3.2720  3.2720
2017  3.3144  3.3108  3.3108  3.3108  3.3108
2018  3.3561  3.3491  3.3491  3.3491  3.3491
2019  3.3984  3.3869  3.3869  3.3869  3.3869
2020  3.4414  3.4243  3.4243  3.4243  3.4243
2021  3.4759  3.4540  3.4534  3.4523  3.4506
2022  3.5090  3.4830  3.4811  3.4783  3.4736
2023  3.5411  3.5115  3.5077  3.5025  3.4937
2024  3.5683  3.5356  3.5294  3.5211  3.5074
2025  3.5966  3.5612  3.5520  3.5403  3.5208
2026  3.6211  3.5835  3.5709  3.5551  3.5292
2027  3.6461  3.6065  3.5898  3.5697  3.5369
2028  3.6689  3.6276  3.6064  3.5816  3.5415
2029  3.6895  3.6470  3.6207  3.5910  3.5431
2030  3.7102  3.6664  3.6348  3.5996  3.5439
2031  3.7295  3.6848  3.6472  3.6066  3.5427
2032  3.7472  3.7016  3.6577  3.6114  3.5392
2033  3.7660  3.7198  3.6691  3.6168  3.5364
2034  3.7822  3.7355  3.6775  3.6192  3.5304
2035  3.7991  3.7519  3.6861  3.6218  3.5247
2036  3.8162  3.7685  3.6946  3.6242  3.5187
2037  3.8306  3.7826  3.7001  3.6235  3.5099
2038  3.8459  3.7974  3.7059  3.6231  3.5014
2039  3.8604  3.8115  3.7106  3.6216  3.4919
2040  3.8754  3.8259  3.7152  3.6201  3.4827
2041  3.8922  3.8421  3.7212  3.6198  3.4748
2042  3.9084  3.8575  3.7259  3.6185  3.4661
2043  3.9224  3.8705  3.7279  3.6144  3.4550
2044  3.9390  3.8860  3.7320  3.6126  3.4463
2045  3.9533  3.8990  3.7332  3.6080  3.4350
2046  3.9675  3.9116  3.7335  3.6027  3.4234
2047  3.9815  3.9238  3.7330  3.5967  3.4113
2048  3.9962  3.9365  3.7325  3.5910  3.3997
2049  4.0110  3.9487  3.7315  3.5847  3.3880
2050  4.0256  3.9603  3.7293  3.5775  3.3757
2051  4.0395  3.9712  3.7260  3.5694  3.3626
2052  4.0554  3.9833  3.7235  3.5624  3.3510
2053  4.0684  3.9922  3.7175  3.5520  3.3364
2054  4.0844  4.0036  3.7135  3.5440  3.3244
2055  4.0984  4.0126  3.7067  3.5333  3.3100
2056  4.1137  4.0222  3.7001  3.5231  3.2966
2057  4.1288  4.0311  3.6925  3.5122  3.2827
2058  4.1442  4.0397  3.6842  3.5009  3.2687
2059  4.1590  4.0471  3.6744  3.4883  3.2536
2060  4.1759  4.0559  3.6654  3.4769  3.2402
2061  4.1924  4.0636  3.6550  3.4644  3.2259
2062  4.2080  4.0697  3.6428  3.4503  3.2104
2063  4.2251  4.0765  3.6306  3.4366  3.1956
2064  4.2427  4.0830  3.6178  3.4226  3.1808
2065  4.2605  4.0889  3.6042  3.4081  3.1657
2066  4.2799  4.0955  3.5907  3.3942  3.1516
2067  4.2979  4.0999  3.5746  3.3780  3.1355
2068  4.3182  4.1056  3.5595  3.3631  3.1209
2069  4.3384  4.1102  3.5429  3.3471  3.1056
2070  4.3578  4.1130  3.5240  3.3293  3.0886
2071  4.3741  4.1150  3.5040  3.3106  3.0712
2072  4.3873  4.1156  3.4822  3.2906  3.0527
2073  4.3992  4.1167  3.4606  3.2710  3.0348
2074  4.4082  4.1166  3.4371  3.2503  3.0162
2075  4.4139  4.1148  3.4117  3.2278  2.9960
2076  4.4188  4.1138  3.3866  3.2061  2.9769
2077  4.4231  4.1135  3.3618  3.1852  2.9588
2078  4.4254  4.1127  3.3362  3.1638  2.9405
2079  4.4250  4.1107  3.3088  3.1412  2.9212
2080  4.4228  4.1082  3.2806  3.1181  2.9016
2081  4.4146  4.1009  3.2472  3.0903  2.8778
2082  4.4047  4.0935  3.2131  3.0623  2.8537
2083  4.3912  4.0837  3.1763  3.0320  2.8277
2084  4.3791  4.0766  3.1418  3.0043  2.8047
2085  4.3624  4.0660  3.1033  2.9735  2.7785
2086  4.3458  4.0569  3.0659  2.9440  2.7540
2087  4.3270  4.0468  3.0270  2.9135  2.7287
2088  4.3083  4.0380  2.9891  2.8844  2.7051
2089  4.2861  4.0269  2.9483  2.8531  2.6793
2090  4.2644  4.0175  2.9088  2.8235  2.6556
2091  4.2365  4.0032  2.8639  2.7890  2.6271
2092  4.2077  3.9891  2.8188  2.7546  2.5991
2093  4.1776  3.9748  2.7731  2.7205  2.5713
2094  4.1449  3.9592  2.7255  2.6849  2.5424
2095  4.1117  3.9442  2.6783  2.6500  2.5144
2096  4.0769  3.9289  2.6299  2.6148  2.4862
2097  4.0407  3.9133  2.5810  2.5794  2.4580
2098  4.0029  3.8972  2.5311  2.5436  2.4296
2099  3.9635  3.8808  2.4803  2.5076  2.4011
2100  3.9227  3.8640  2.4288  2.4712  2.3726
2101  3.9602  3.9602  2.4964  2.4964  2.4964
2102  3.9602  3.9602  2.4964  2.4964  2.4964
2103  3.9603  3.9603  2.4964  2.4964  2.4964
2104  3.9602  3.9602  2.4964  2.4964  2.4964
2105  3.9602  3.9602  2.4964  2.4964  2.4964
2106  3.9602  3.9602  2.4964  2.4964  2.4964
2107  3.9602  3.9602  2.4964  2.4964  2.4964
2108  3.9602  3.9602  2.4964  2.4964  2.4964
2109  3.9602  3.9602  2.4964  2.4964  2.4964
2110  3.9602  3.9602  2.4964  2.4964  2.4964
2111  3.9602  3.9602  2.4964  2.4964  2.4964
2112  3.9602  3.9602  2.4964  2.4964  2.4964
2113  3.9602  3.9602  2.4964  2.4964  2.4964
2114  3.9603  3.9603  2.4964  2.4964  2.4964
2115  3.9602  3.9602  2.4964  2.4964  2.4964
2116  3.9602  3.9602  2.4964  2.4964  2.4964
2117  3.9602  3.9602  2.4964  2.4964  2.4964
2118  3.9602  3.9602  2.4964  2.4964  2.4964
2119  3.9602  3.9602  2.4964  2.4964  2.4964
2120  3.9602  3.9602  2.4964  2.4964  2.4964
2121  3.9602  3.9602  2.4964  2.4964  2.4964
2122  3.9602  3.9602  2.4964  2.4964  2.4964
2123  3.9602  3.9602  2.4964  2.4964  2.4964
2124  3.9602  3.9602  2.4964  2.4964  2.4964
2125  3.9603  3.9603  2.4964  2.4964  2.4964
2126  3.9602  3.9602  2.4964  2.4964  2.4964
2127  3.9602  3.9602  2.4964  2.4964  2.4964
2128  3.9602  3.9602  2.4964  2.4964  2.4964
2129  3.9602  3.9602  2.4964  2.4964  2.4964
2130  3.9602  3.9602  2.4964  2.4964  2.4964
2131  3.9602  3.9602  2.4964  2.4964  2.4964
2132  3.9602  3.9602  2.4964  2.4964  2.4964
2133  3.9602  3.9602  2.4964  2.4964  2.4964
2134  3.9602  3.9602  2.4964  2.4964  2.4964
2135  3.9602  3.9602  2.4964  2.4964  2.4964
2136  3.9603  3.9603  2.4964  2.4964  2.4964
2137  3.9602  3.9602  2.4964  2.4964  2.4964
2138  3.9602  3.9602  2.4964  2.4964  2.4964
2139  3.9602  3.9602  2.4964  2.4964  2.4964
2140  3.9602  3.9602  2.4964  2.4964  2.4964
2141  3.9602  3.9602  2.4964  2.4964  2.4964
2142  3.9602  3.9602  2.4964  2.4964  2.4964
2143  3.9602  3.9602  2.4964  2.4964  2.4964
2144  3.9602  3.9602  2.4964  2.4964  2.4964
2145  3.9602  3.9602  2.4964  2.4964  2.4964
2146  3.9602  3.9602  2.4964  2.4964  2.4964
2147  3.9603  3.9603  2.4964  2.4964  2.4964
2148  3.9602  3.9602  2.4964  2.4964  2.4964
2149  3.9602  3.9602  2.4964  2.4964  2.4964
2150  3.9602  3.9602  2.4964  2.4964  2.4964
2151  3.9602  3.9602  2.4964  2.4964  2.4964
2152  3.9602  3.9602  2.4964  2.4964  2.4964
2153  3.9602  3.9602  2.4964  2.4964  2.4964
2154  3.9602  3.9602  2.4964  2.4964  2.4964
2155  3.9602  3.9602  2.4964  2.4964  2.4964
2156  3.9602  3.9602  2.4964  2.4964  2.4964
2157  3.9602  3.9602  2.4964  2.4964  2.4964
2158  3.9603  3.9603  2.4964  2.4964  2.4964
2159  3.9602  3.9602  2.4964  2.4964  2.4964
2160  3.9602  3.9602  2.4964  2.4964  2.4964
2161  3.9603  3.9603  2.4965  2.4965  2.4965
2162  3.9602  3.9602  2.4964  2.4964  2.4964
2163  3.9602  3.9602  2.4964  2.4964  2.4964
2164  3.9602  3.9602  2.4964  2.4964  2.4964
2165  3.9602  3.9602  2.4964  2.4964  2.4964
2166  3.9602  3.9602  2.4964  2.4964  2.4964
2167  3.9602  3.9602  2.4964  2.4964  2.4964
2168  3.9602  3.9602  2.4964  2.4964  2.4964
2169  3.9603  3.9603  2.4964  2.4964  2.4964
2170  3.9602  3.9602  2.4964  2.4964  2.4964
2171  3.9602  3.9602  2.4964  2.4964  2.4964
2172  3.9602  3.9602  2.4964  2.4964  2.4964
2173  3.9602  3.9602  2.4964  2.4964  2.4964
2174  3.9602  3.9602  2.4964  2.4964  2.4964
2175  3.9602  3.9602  2.4964  2.4964  2.4964
2176  3.9602  3.9602  2.4964  2.4964  2.4964
2177  3.9602  3.9602  2.4964  2.4964  2.4964
2178  3.9602  3.9602  2.4964  2.4964  2.4964
2179  3.9602  3.9602  2.4964  2.4964  2.4964
2180  3.9603  3.9603  2.4964  2.4964  2.4964
2181  3.9602  3.9602  2.4964  2.4964  2.4964
2182  3.9602  3.9602  2.4964  2.4964  2.4964
2183  3.9602  3.9602  2.4964  2.4964  2.4964
2184  3.9602  3.9602  2.4964  2.4964  2.4964
2185  3.9602  3.9602  2.4964  2.4964  2.4964
2186  3.9602  3.9602  2.4964  2.4964  2.4964
2187  3.9602  3.9602  2.4964  2.4964  2.4964
2188  3.9602  3.9602  2.4964  2.4964  2.4964
2189  3.9602  3.9602  2.4964  2.4964  2.4964
2190  3.9602  3.9602  2.4964  2.4964  2.4964
2191  3.9603  3.9603  2.4965  2.4965  2.4965
2192  3.9602  3.9602  2.4964  2.4964  2.4964
2193  3.9602  3.9602  2.4964  2.4964  2.4964
2194  3.9602  3.9602  2.4964  2.4964  2.4964
2195  3.9602  3.9602  2.4964  2.4964  2.4964
2196  3.9602  3.9602  2.4964  2.4964  2.4964
2197  3.9602  3.9602  2.4964  2.4964  2.4964
2198  3.9602  3.9602  2.4964  2.4964  2.4964
2199  3.9602  3.9602  2.4964  2.4964  2.4964
2200  3.9602  3.9602  2.4964  2.4964  2.4964
--------------------------------------------
