Land and sea surface temperature (C)                           
relative to 1951-1980 means
------------------------------------
    year     land    SST
------------------------------------
  1880.042 -1.2441 -0.0173
  1880.125 -0.8979  0.0041
  1880.208 -0.7029 -0.0061
  1880.292 -1.2181 -0.0048
  1880.375 -0.3037 -0.0597
  1880.458 -0.3141 -0.2244
  1880.542 -0.3295 -0.1976
  1880.625 -0.0140 -0.0657
  1880.708 -0.6308 -0.0536
  1880.792 -0.6781 -0.0248
  1880.875 -0.4738 -0.0742
  1880.958 -0.9384  0.0193
  1881.042 -0.4304  0.0558
  1881.125 -0.7228  0.0536
  1881.208 -0.0475  0.0724
  1881.292 -0.1198  0.0346
  1881.375 -0.1648  0.0262
  1881.458 -1.0811 -0.0346
  1881.542 -0.4809  0.0495
  1881.625  0.0359 -0.0152
  1881.708 -0.3935 -0.0098
  1881.792 -0.7026 -0.0549
  1881.875 -0.8664 -0.1047
  1881.958 -0.5893 -0.0291
  1882.042  0.3929  0.0846
  1882.125  0.3258  0.0581
  1882.208  0.0400  0.0343
  1882.292 -0.8621  0.0086
  1882.375 -0.5841 -0.0366
  1882.458 -0.8054 -0.0532
  1882.542 -0.6948  0.0691
  1882.625  0.0853  0.0553
  1882.708 -0.2234  0.0636
  1882.792 -1.0714 -0.0056
  1882.875 -0.8693 -0.0047
  1882.958 -1.3785  0.0947
  1883.042 -1.4602  0.0170
  1883.125 -1.6096 -0.0745
  1883.208 -0.3216 -0.1040
  1883.292 -0.6507 -0.1040
  1883.375 -0.5455 -0.1456
  1883.458 -0.2224 -0.0733
  1883.542 -0.1641 -0.0678
  1883.625 -0.3610 -0.0550
  1883.708 -0.5704 -0.0935
  1883.792 -0.4563 -0.0008
  1883.875 -1.0170  0.0248
  1883.958 -0.4443 -0.0694
  1884.042 -0.4193 -0.0381
  1884.125 -0.4535  0.0146
  1884.208 -1.3008 -0.0572
  1884.292 -1.3775 -0.0443
  1884.375 -1.1199 -0.0521
  1884.458 -1.1011 -0.1682
  1884.542 -0.7456 -0.2300
  1884.625 -0.4222 -0.2093
  1884.708 -0.7799 -0.1046
  1884.792 -0.6336 -0.0984
  1884.875 -0.7009 -0.1554
  1884.958 -0.4814 -0.1689
  1885.042 -1.9015 -0.2819
  1885.125 -0.8055 -0.1473
  1885.208 -0.4069 -0.1486
  1885.292 -1.1348 -0.2417
  1885.375 -0.9134 -0.2404
  1885.458 -0.8858 -0.3705
  1885.542 -0.5658 -0.2204
  1885.625 -0.5779 -0.1861
  1885.708 -0.3291 -0.1653
  1885.792 -0.4370 -0.1120
  1885.875 -0.5200 -0.1107
  1885.958  0.1773 -0.0659
  1886.042 -1.2371 -0.0992
  1886.125 -1.4339 -0.1497
  1886.208 -1.1064 -0.1876
  1886.292 -0.5871 -0.1720
  1886.375 -0.5770 -0.1487
  1886.458 -0.8848 -0.2145
  1886.542 -0.0826 -0.1808
  1886.625 -0.4732 -0.2650
  1886.708 -0.2889 -0.1717
  1886.792 -0.6771 -0.1174
  1886.875 -0.8568 -0.0754
  1886.958 -0.0741 -0.2300
  1887.042 -1.9247 -0.2630
  1887.125 -1.2350 -0.2313
  1887.208 -0.5363 -0.1879
  1887.292 -0.7980 -0.1921
  1887.375 -0.3420 -0.2857
  1887.458 -0.2896 -0.1440
  1887.542 -0.1236 -0.2130
  1887.625 -0.5052 -0.1966
  1887.708 -0.1711 -0.1755
  1887.792 -0.6865 -0.1823
  1887.875 -0.4996 -0.1493
  1887.958 -1.0094 -0.1535
  1888.042 -1.1422 -0.1750
  1888.125 -1.2234 -0.1541
  1888.208 -1.2314 -0.2324
  1888.292 -0.5217 -0.1846
  1888.375 -0.7356 -0.0433
  1888.458 -0.5725 -0.0668
  1888.542 -0.0463 -0.0859
  1888.625 -0.3079 -0.0406
  1888.708 -0.3210 -0.0014
  1888.792 -0.2136  0.1043
  1888.875 -0.2993  0.0820
  1888.958 -0.9003  0.1086
  1889.042 -1.0991  0.0896
  1889.125  0.3981  0.0925
  1889.208  0.1119  0.0667
  1889.292  0.2662 -0.0001
  1889.375 -0.1449  0.0080
  1889.458 -0.2848 -0.0466
  1889.542 -0.1271  0.0030
  1889.625 -0.3079 -0.0940
  1889.708 -0.3910 -0.1128
  1889.792 -0.5545 -0.1190
  1889.875 -1.0772 -0.0575
  1889.958 -0.8070 -0.1226
  1890.042 -1.0290 -0.2626
  1890.125 -0.9444 -0.3176
  1890.208 -0.7668 -0.2702
  1890.292 -0.5662 -0.2747
  1890.375 -1.0194 -0.2753
  1890.458 -0.4300 -0.1884
  1890.542 -0.1331 -0.3268
  1890.625 -0.4013 -0.3431
  1890.708 -0.3954 -0.3659
  1890.792  0.0918 -0.2982
  1890.875 -1.1124 -0.1160
  1890.958 -0.7471 -0.1522
  1891.042 -1.0665 -0.2136
  1891.125 -1.4652 -0.1860
  1891.208 -0.2732 -0.0895
  1891.292 -0.7412 -0.0541
  1891.375 -0.4795 -0.0555
  1891.458 -0.4791 -0.1080
  1891.542 -0.4315 -0.1304
  1891.625 -0.2159 -0.1735
  1891.708 -0.1690 -0.0926
  1891.792 -0.5689 -0.1159
  1891.875 -1.1542 -0.1337
  1891.958  0.0981 -0.0059
  1892.042 -0.7837 -0.0110
  1892.125 -0.2537 -0.0819
  1892.208 -0.9477 -0.1446
  1892.292 -0.8934 -0.1255
  1892.375 -0.5531 -0.1051
  1892.458 -0.1280 -0.1753
  1892.542 -0.2826 -0.2433
  1892.625 -0.2217 -0.1569
  1892.708 -0.0853 -0.3146
  1892.792  0.0992 -0.2249
  1892.875 -1.2246 -0.2543
  1892.958 -0.8914 -0.0721
  1893.042 -2.5471 -0.0159
  1893.125 -1.6419 -0.1415
  1893.208 -0.1331 -0.2408
  1893.292 -0.4339 -0.2502
  1893.375 -0.7110 -0.2019
  1893.458 -0.3794 -0.1381
  1893.542  0.0943 -0.2053
  1893.625 -0.3783 -0.1839
  1893.708 -0.1098 -0.1922
  1893.792  0.0291 -0.2069
  1893.875  0.0708 -0.1871
  1893.958 -0.5895 -0.2623
  1894.042 -1.1595 -0.2759
  1894.125 -0.2002 -0.2633
  1894.208 -0.0303 -0.2537
  1894.292 -0.8444 -0.2326
  1894.375 -0.3769 -0.2093
  1894.458 -0.6751 -0.3322
  1894.542 -0.2468 -0.3393
  1894.625 -0.1303 -0.3185
  1894.708 -0.2931 -0.1772
  1894.792 -0.1719 -0.1335
  1894.875 -0.6037 -0.0947
  1894.958 -0.4324 -0.1252
  1895.042 -1.4556 -0.0741
  1895.125 -1.3650 -0.0598
  1895.208 -0.3761 -0.2156
  1895.292 -0.1974 -0.1766
  1895.375 -0.3554 -0.1493
  1895.458 -0.2784 -0.2035
  1895.542 -0.1551 -0.1583
  1895.625 -0.1786 -0.1373
  1895.708  0.0347 -0.0282
  1895.792 -0.1211 -0.0625
  1895.875 -0.1844 -0.1013
  1895.958 -0.3106 -0.0001
  1896.042 -0.4559 -0.0701
  1896.125 -0.2959 -0.0355
  1896.208 -0.9576 -0.0273
  1896.292 -1.0495 -0.0006
  1896.375 -0.4136 -0.0602
  1896.458 -0.1497 -0.0892
  1896.542 -0.0240 -0.0492
  1896.625 -0.1058 -0.0560
  1896.708 -0.1076 -0.0346
  1896.792  0.2173 -0.0338
  1896.875 -0.7182  0.0389
  1896.958 -0.3880  0.0390
  1897.042 -0.7563 -0.0431
  1897.125 -0.6080  0.0120
  1897.208 -0.7645  0.1311
  1897.292 -0.0912  0.0796
  1897.375  0.0437  0.0073
  1897.458 -0.1505 -0.0742
  1897.542  0.0083 -0.0484
  1897.625 -0.1088  0.0283
  1897.708  0.1034 -0.0684
  1897.792 -0.0266 -0.0935
  1897.875 -0.1783 -0.1517
  1897.958 -0.4419 -0.1921
  1898.042  0.4157 -0.1492
  1898.125 -0.5494 -0.1779
  1898.208 -1.5315 -0.2616
  1898.292 -0.5477 -0.2441
  1898.375 -0.5410 -0.2652
  1898.458 -0.0699 -0.2264
  1898.542 -0.2348 -0.2195
  1898.625 -0.1236 -0.2648
  1898.708 -0.0619 -0.2281
  1898.792 -0.4633 -0.2353
  1898.875 -0.5809 -0.2255
  1898.958 -0.0884 -0.1640
  1899.042  0.0502 -0.1718
  1899.125 -0.8478 -0.1866
  1899.208 -0.5422 -0.2161
  1899.292 -0.0140 -0.2185
  1899.375 -0.1756 -0.1566
  1899.458 -0.5512 -0.1134
  1899.542 -0.1689 -0.1208
  1899.625  0.0119 -0.0385
  1899.708  0.1655 -0.0720
  1899.792  0.2239 -0.0262
  1899.875  0.7641 -0.0452
  1899.958 -0.8458 -0.0412
  1900.042 -1.0758 -0.1068
  1900.125  0.0188 -0.0894
  1900.208  0.2052 -0.0150
  1900.292 -0.1840 -0.0812
  1900.375  0.0606 -0.0458
  1900.458 -0.0486 -0.1298
  1900.542 -0.1161 -0.0492
  1900.625  0.0760 -0.0291
  1900.708  0.0061  0.0435
  1900.792  0.3978  0.0087
  1900.875 -0.2847 -0.0647
  1900.958  0.0681 -0.1374
  1901.042 -0.5312 -0.1024
  1901.125  0.1074 -0.0729
  1901.208  0.5785 -0.1126
  1901.292  0.1824 -0.1049
  1901.375 -0.1069 -0.1395
  1901.458  0.1172 -0.1417
  1901.542  0.1278 -0.1394
  1901.625 -0.0339 -0.1209
  1901.708 -0.1009 -0.1890
  1901.792 -0.3573 -0.2574
  1901.875  0.0629 -0.1795
  1901.958 -0.4090 -0.2356
  1902.042  0.1841 -0.2160
  1902.125  0.6385 -0.2358
  1902.208 -0.1652 -0.2335
  1902.292 -0.3960 -0.1926
  1902.375 -0.4352 -0.2214
  1902.458 -0.2925 -0.3148
  1902.542 -0.1680 -0.2692
  1902.625 -0.2697 -0.2493
  1902.708 -0.2329 -0.1718
  1902.792 -0.4713 -0.1638
  1902.875 -0.7901 -0.1484
  1902.958 -0.9870 -0.1873
  1903.042 -0.0638 -0.2392
  1903.125  0.7247 -0.2852
  1903.208 -0.0783 -0.3184
  1903.292 -0.3729 -0.3232
  1903.375 -0.3600 -0.3720
  1903.458 -0.5531 -0.3559
  1903.542 -0.2203 -0.3180
  1903.625 -0.4228 -0.4379
  1903.708 -0.3338 -0.4429
  1903.792 -0.4432 -0.3681
  1903.875 -0.3814 -0.3612
  1903.958 -0.7631 -0.3535
  1904.042 -0.9828 -0.4381
  1904.125 -0.6870 -0.4495
  1904.208 -0.5348 -0.4875
  1904.292 -0.6385 -0.4417
  1904.375 -0.3714 -0.4909
  1904.458 -0.4308 -0.5005
  1904.542 -0.4726 -0.4801
  1904.625 -0.3281 -0.4584
  1904.708 -0.5242 -0.4501
  1904.792 -0.3633 -0.3313
  1904.875  0.3115 -0.2984
  1904.958 -0.1590 -0.3084
  1905.042 -0.3168 -0.3591
  1905.125 -1.3607 -0.2895
  1905.208 -0.4047 -0.2545
  1905.292 -0.5598 -0.3129
  1905.375 -0.3032 -0.3296
  1905.458 -0.2617 -0.2784
  1905.542 -0.2274 -0.2022
  1905.625 -0.1456 -0.2241
  1905.708 -0.0087 -0.2032
  1905.792 -0.2453 -0.2107
  1905.875  0.3255 -0.2102
  1905.958 -0.2164 -0.1769
  1906.042 -0.4457 -0.1795
  1906.125 -0.7583 -0.1458
  1906.208 -0.1229 -0.1348
  1906.292  0.4044 -0.1728
  1906.375  0.0972 -0.3006
  1906.458  0.0481 -0.2697
  1906.542 -0.1607 -0.2783
  1906.625  0.0900 -0.2775
  1906.708 -0.1142 -0.2971
  1906.792  0.0222 -0.2907
  1906.875 -0.6142 -0.2767
  1906.958  0.2469 -0.3129
  1907.042 -0.7080 -0.3047
  1907.125 -0.9578 -0.3040
  1907.208 -0.3580 -0.1796
  1907.292 -0.8008 -0.2375
  1907.375 -0.8591 -0.3033
  1907.458 -0.6854 -0.3034
  1907.542 -0.4414 -0.3174
  1907.625 -0.3056 -0.3568
  1907.708 -0.1790 -0.3843
  1907.792 -0.0700 -0.3160
  1907.875 -0.8332 -0.3843
  1907.958 -0.6812 -0.3724
  1908.042 -0.3439 -0.4224
  1908.125 -0.2359 -0.4258
  1908.208 -0.8410 -0.4595
  1908.292 -0.4645 -0.4286
  1908.375 -0.2264 -0.4662
  1908.458 -0.2158 -0.4642
  1908.542 -0.1664 -0.4359
  1908.625 -0.4417 -0.4811
  1908.708  0.0288 -0.4920
  1908.792 -0.3905 -0.4749
  1908.875 -0.5733 -0.4550
  1908.958 -0.4957 -0.4732
  1909.042 -1.1690 -0.4701
  1909.125 -0.4209 -0.4526
  1909.208 -0.6239 -0.4624
  1909.292 -0.7924 -0.4767
  1909.375 -0.6045 -0.4660
  1909.458 -0.4133 -0.5215
  1909.542 -0.1725 -0.5236
  1909.625  0.1060 -0.4777
  1909.708  0.0038 -0.5188
  1909.792 -0.0517 -0.5147
  1909.875  0.4559 -0.5638
  1909.958 -0.5636 -0.5035
  1910.042 -0.2419 -0.4556
  1910.125 -0.2806 -0.4690
  1910.208 -0.3722 -0.5041
  1910.292 -0.1479 -0.4360
  1910.375 -0.2791 -0.3690
  1910.458 -0.2654 -0.4031
  1910.542 -0.0022 -0.4460
  1910.625 -0.0296 -0.4589
  1910.708 -0.1498 -0.4828
  1910.792 -0.1408 -0.4741
  1910.875 -0.7265 -0.5116
  1910.958 -0.9787 -0.5418
  1911.042 -0.8423 -0.4778
  1911.125 -0.7039 -0.5441
  1911.208 -0.7857 -0.5373
  1911.292 -0.3830 -0.5661
  1911.375 -0.3348 -0.5727
  1911.458 -0.2352 -0.5298
  1911.542 -0.0804 -0.5697
  1911.625 -0.2382 -0.5376
  1911.708 -0.2639 -0.4567
  1911.792 -0.0369 -0.3742
  1911.875  0.0087 -0.2864
  1911.958 -0.2768 -0.2245
  1912.042 -0.2424 -0.2308
  1912.125  0.1541 -0.2003
  1912.208 -0.8528 -0.1860
  1912.292 -0.1885 -0.1613
  1912.375  0.0030 -0.2253
  1912.458 -0.0516 -0.2873
  1912.542 -0.6232 -0.2898
  1912.625 -0.8773 -0.3547
  1912.708 -0.6581 -0.4249
  1912.792 -1.0096 -0.3760
  1912.875 -0.3816 -0.3625
  1912.958 -0.5631 -0.3647
  1913.042 -0.4584 -0.3225
  1913.125 -0.7223 -0.3173
  1913.208 -0.5522 -0.3852
  1913.292 -0.3573 -0.3558
  1913.375 -0.6655 -0.3575
  1913.458 -0.5410 -0.3839
  1913.542 -0.2003 -0.3966
  1913.625 -0.1678 -0.4095
  1913.708 -0.2407 -0.3863
  1913.792 -0.3320 -0.3210
  1913.875  0.2126 -0.2721
  1913.958  0.5489 -0.2316
  1914.042  0.8910 -0.2045
  1914.125  0.2413 -0.2245
  1914.208 -0.1000 -0.2359
  1914.292 -0.2410 -0.2509
  1914.375 -0.0050 -0.2514
  1914.458 -0.0224 -0.2923
  1914.542 -0.1361 -0.2630
  1914.625 -0.0499 -0.2040
  1914.708 -0.0509 -0.1701
  1914.792  0.1461 -0.1279
  1914.875 -0.3602 -0.1128
  1914.958 -0.2756 -0.0477
  1915.042 -0.2474 -0.1235
  1915.125  0.2450 -0.0616
  1915.208 -0.2470 -0.0253
  1915.292  0.3109  0.0020
  1915.375  0.0962 -0.0173
  1915.458 -0.1555 -0.1138
  1915.542  0.0894 -0.0559
  1915.625 -0.0612 -0.1266
  1915.708 -0.1240 -0.1342
  1915.792 -0.3837 -0.1514
  1915.875  0.2586 -0.2152
  1915.958  0.1279 -0.2851
  1916.042  0.0759 -0.2822
  1916.125 -0.0719 -0.2502
  1916.208 -0.4404 -0.2352
  1916.292 -0.2899 -0.1913
  1916.375 -0.2516 -0.2335
  1916.458 -0.5892 -0.3595
  1916.542 -0.2520 -0.3768
  1916.625 -0.1228 -0.3276
  1916.708 -0.2200 -0.3092
  1916.792 -0.0800 -0.3661
  1916.875 -0.2338 -0.4636
  1916.958 -1.4394 -0.4606
  1917.042 -0.3577 -0.4333
  1917.125 -0.8560 -0.4141
  1917.208 -0.8398 -0.3201
  1917.292 -0.5494 -0.2888
  1917.375 -0.9948 -0.2829
  1917.458 -0.5238 -0.3365
  1917.542 -0.1115 -0.2922
  1917.625 -0.3334 -0.2407
  1917.708 -0.0811 -0.1980
  1917.792 -0.7336 -0.1998
  1917.875  0.0745 -0.3298
  1917.958 -1.6058 -0.3099
  1918.042 -0.6481 -0.2361
  1918.125 -0.4700 -0.2155
  1918.208 -0.1665 -0.1734
  1918.292 -0.7404 -0.2060
  1918.375 -0.7469 -0.1759
  1918.458 -0.4374 -0.1760
  1918.542 -0.3324 -0.1472
  1918.625 -0.2913 -0.1917
  1918.708 -0.0818 -0.1760
  1918.792  0.1846 -0.1086
  1918.875 -0.2391 -0.0768
  1918.958 -0.8401 -0.0774
  1919.042 -0.4728 -0.0746
  1919.125 -0.3857 -0.0467
  1919.208 -0.3823 -0.1523
  1919.292  0.0208 -0.1772
  1919.375 -0.3771 -0.1153
  1919.458 -0.2630 -0.2426
  1919.542 -0.0707 -0.2605
  1919.625 -0.0598 -0.2923
  1919.708  0.0151 -0.2708
  1919.792  0.0453 -0.2271
  1919.875 -0.5476 -0.1442
  1919.958 -0.5630 -0.2428
  1920.042  0.2155 -0.2658
  1920.125 -0.3590 -0.2135
  1920.208  0.2139 -0.2081
  1920.292 -0.1576 -0.2648
  1920.375 -0.1289 -0.2693
  1920.458 -0.3170 -0.2995
  1920.542 -0.1753 -0.3607
  1920.625 -0.1202 -0.3474
  1920.708 -0.2242 -0.1921
  1920.792 -0.4149 -0.1955
  1920.875 -0.5555 -0.2226
  1920.958 -1.0400 -0.2176
  1921.042  0.6179 -0.2526
  1921.125  0.0588 -0.2722
  1921.208 -0.0360 -0.3685
  1921.292 -0.1117 -0.4366
  1921.375  0.0088 -0.4322
  1921.458 -0.0275 -0.4065
  1921.542  0.1364 -0.2713
  1921.625 -0.2745 -0.1875
  1921.708 -0.1483 -0.1602
  1921.792 -0.0440 -0.0569
  1921.875 -0.2090 -0.1481
  1921.958 -0.0808 -0.1854
  1922.042 -0.6242 -0.2409
  1922.125 -0.8524 -0.2103
  1922.208 -0.0268 -0.1426
  1922.292 -0.0135 -0.2414
  1922.375 -0.1065 -0.3579
  1922.458 -0.0628 -0.3925
  1922.542  0.0338 -0.3735
  1922.625 -0.1737 -0.3390
  1922.708 -0.1891 -0.3198
  1922.792 -0.3317 -0.3025
  1922.875  0.0647 -0.2485
  1922.958 -0.0409 -0.2166
  1923.042 -0.0840 -0.2877
  1923.125 -0.5085 -0.3456
  1923.208 -0.3098 -0.3041
  1923.292 -0.6613 -0.2244
  1923.375 -0.5154 -0.2480
  1923.458 -0.0463 -0.2752
  1923.542 -0.2914 -0.2931
  1923.625 -0.1172 -0.3632
  1923.708  0.0078 -0.3428
  1923.792  0.2295 -0.2830
  1923.875  0.4336 -0.1205
  1923.958  0.2868 -0.1205
  1924.042 -0.2929 -0.1588
  1924.125 -0.2685 -0.2074
  1924.208  0.0504 -0.2016
  1924.292 -0.4895 -0.1873
  1924.375 -0.1634 -0.1734
  1924.458 -0.0459 -0.3105
  1924.542 -0.0014 -0.3383
  1924.625 -0.1609 -0.4195
  1924.708 -0.0106 -0.4089
  1924.792 -0.0889 -0.4345
  1924.875  0.3842 -0.4784
  1924.958 -0.3338 -0.4578
  1925.042 -0.1743 -0.3539
  1925.125 -0.2473 -0.3438
  1925.208  0.0100 -0.2858
  1925.292  0.0521 -0.3406
  1925.375 -0.3011 -0.2683
  1925.458 -0.3610 -0.2751
  1925.542 -0.3709 -0.2504
  1925.625  0.0501 -0.2467
  1925.708  0.0581 -0.1792
  1925.792 -0.2673 -0.1128
  1925.875  0.4172 -0.0746
  1925.958  0.6484 -0.0688
  1926.042  0.8516 -0.0670
  1926.125  0.6518 -0.1111
  1926.208  0.6976 -0.1204
  1926.292 -0.2029 -0.1077
  1926.375 -0.3815 -0.1422
  1926.458 -0.1667 -0.2028
  1926.542 -0.2222 -0.1829
  1926.625  0.0296 -0.1553
  1926.708  0.0477 -0.1712
  1926.792  0.1661 -0.1804
  1926.875  0.3052 -0.1979
  1926.958 -0.3755 -0.2033
  1927.042 -0.3196 -0.2307
  1927.125 -0.0884 -0.2421
  1927.208 -0.5619 -0.2633
  1927.292 -0.3244 -0.2315
  1927.375 -0.1960 -0.2508
  1927.458 -0.1303 -0.2995
  1927.542  0.0569 -0.2038
  1927.625 -0.1339 -0.1663
  1927.708  0.2450 -0.1590
  1927.792  0.5442 -0.1856
  1927.875  0.3053 -0.1390
  1927.958 -0.6596 -0.2002
  1928.042  0.4120 -0.1995
  1928.125  0.2096 -0.2698
  1928.208 -0.3361 -0.2464
  1928.292 -0.2146 -0.2618
  1928.375 -0.1463 -0.2772
  1928.458 -0.3373 -0.3643
  1928.542 -0.0080 -0.2834
  1928.625 -0.0414 -0.3193
  1928.708  0.0625 -0.2925
  1928.792  0.1342 -0.2824
  1928.875  0.3626 -0.2791
  1928.958  0.1347 -0.3404
  1929.042 -0.7804 -0.3654
  1929.125 -1.3208 -0.3514
  1929.208 -0.0346 -0.3692
  1929.292 -0.3322 -0.3574
  1929.375 -0.3209 -0.3702
  1929.458 -0.3685 -0.3823
  1929.542 -0.2728 -0.3142
  1929.625 -0.0843 -0.3096
  1929.708 -0.1245 -0.2816
  1929.792  0.1728 -0.2760
  1929.875  0.1825 -0.2397
  1929.958 -1.2692 -0.2981
  1930.042 -0.4412 -0.3325
  1930.125 -0.0471 -0.2491
  1930.208  0.4284 -0.2535
  1930.292 -0.1828 -0.2420
  1930.375 -0.2001 -0.2425
  1930.458  0.0290 -0.2047
  1930.542  0.1249 -0.2052
  1930.625  0.1738 -0.1787
  1930.708 -0.1032 -0.0920
  1930.792 -0.1199 -0.0009
  1930.875  0.5243 -0.0077
  1930.958  0.0054 -0.0959
  1931.042  0.0770 -0.1022
  1931.125 -0.4980 -0.0847
  1931.208  0.0337 -0.0528
  1931.292 -0.2463 -0.1399
  1931.375 -0.2739 -0.1679
  1931.458  0.2108 -0.1135
  1931.542  0.2942 -0.1189
  1931.625  0.2788 -0.1238
  1931.708  0.2816 -0.1560
  1931.792  0.5562 -0.1986
  1931.875  0.1112 -0.2332
  1931.958  0.1795 -0.2280
  1932.042  1.0747 -0.1936
  1932.125 -0.2046 -0.1205
  1932.208 -0.3722 -0.1539
  1932.292  0.3629 -0.2393
  1932.375 -0.0933 -0.2548
  1932.458 -0.1094 -0.2726
  1932.542  0.0588 -0.3070
  1932.625 -0.0721 -0.2942
  1932.708  0.3075 -0.2974
  1932.792  0.3490 -0.2589
  1932.875 -0.1887 -0.2292
  1932.958 -0.1426 -0.2124
  1933.042 -0.5525 -0.2219
  1933.125 -0.6104 -0.2038
  1933.208 -0.3934 -0.2302
  1933.292 -0.2320 -0.2056
  1933.375 -0.2307 -0.2376
  1933.458 -0.2145 -0.2954
  1933.542 -0.0422 -0.2713
  1933.625 -0.0240 -0.2861
  1933.708 -0.1040 -0.3126
  1933.792  0.0692 -0.3182
  1933.875 -0.0695 -0.3200
  1933.958 -0.7340 -0.3011
  1934.042 -0.0480 -0.3425
  1934.125  0.6105 -0.3455
  1934.208 -0.3582 -0.2859
  1934.292 -0.3140 -0.2093
  1934.375  0.3343 -0.2543
  1934.458  0.0561 -0.1469
  1934.542  0.0740 -0.1735
  1934.625  0.0465 -0.1328
  1934.708 -0.2853 -0.1154
  1934.792  0.0953 -0.1964
  1934.875  0.3947 -0.1924
  1934.958  0.2208 -0.2369
  1935.042 -0.4857 -0.2682
  1935.125  1.0396 -0.2677
  1935.208  0.2378 -0.2911
  1935.292 -0.5640 -0.2068
  1935.375 -0.4167 -0.1657
  1935.458 -0.1499 -0.2354
  1935.542  0.0539 -0.2427
  1935.625 -0.0286 -0.1899
  1935.708  0.0429 -0.1956
  1935.792  0.0931 -0.1367
  1935.875 -0.6406 -0.1255
  1935.958 -0.3712 -0.1490
  1936.042 -0.3822 -0.2050
  1936.125 -0.8099 -0.1698
  1936.208 -0.1910 -0.2168
  1936.292 -0.2243 -0.1981
  1936.375  0.0445 -0.1894
  1936.458  0.0044 -0.2291
  1936.542  0.3900 -0.2406
  1936.625  0.0688 -0.1886
  1936.708  0.0371 -0.1020
  1936.792  0.1581 -0.0910
  1936.875  0.1927 -0.1332
  1936.958  0.2586 -0.1456
  1937.042 -0.2996 -0.1363
  1937.125  0.3540 -0.0937
  1937.208 -0.3726 -0.0866
  1937.292 -0.2632 -0.1126
  1937.375  0.0639 -0.1165
  1937.458  0.1623 -0.1413
  1937.542  0.0295 -0.0642
  1937.625  0.2189 -0.0090
  1937.708  0.3905  0.0251
  1937.792  0.3622 -0.0322
  1937.875  0.2882 -0.0418
  1937.958 -0.3597 -0.0578
  1938.042  0.2736 -0.1333
  1938.125  0.2405 -0.1449
  1938.208  0.5023 -0.1629
  1938.292  0.5785 -0.1654
  1938.375  0.1877 -0.1519
  1938.458 -0.1148 -0.1801
  1938.542  0.0962 -0.1788
  1938.625  0.1913 -0.1286
  1938.708  0.4150 -0.1458
  1938.792  0.4620 -0.0996
  1938.875  0.4035 -0.2116
  1938.958 -0.4121 -0.2555
  1939.042  0.4244 -0.3220
  1939.125  0.1103 -0.2095
  1939.208 -0.3275 -0.1329
  1939.292 -0.0898 -0.1421
  1939.375  0.2304 -0.1637
  1939.458  0.1136 -0.1059
  1939.542  0.0779 -0.0857
  1939.625  0.1472 -0.0516
  1939.708 -0.0188  0.0226
  1939.792 -0.1167 -0.0016
  1939.875  0.1492  0.0204
  1939.958  1.2483  0.0452
  1940.042 -0.6356 -0.0113
  1940.125  0.2894 -0.0540
  1940.208  0.1284  0.0811
  1940.292  0.3068  0.0767
  1940.375 -0.0171  0.0720
  1940.458  0.1423  0.0377
  1940.542  0.2132  0.0503
  1940.625 -0.0367  0.0382
  1940.708  0.2333  0.0514
  1940.792  0.0576  0.0872
  1940.875  0.0795  0.1252
  1940.958  0.4345  0.1412
  1941.042  0.1360  0.1867
  1941.125  0.4443  0.1273
  1941.208 -0.0409  0.1700
  1941.292  0.2242  0.1517
  1941.375  0.1582  0.1269
  1941.458  0.2183  0.0213
  1941.542  0.3267  0.0740
  1941.625  0.1996  0.1504
  1941.708 -0.2092  0.1562
  1941.792  0.3202  0.2421
  1941.875 -0.1178  0.2794
  1941.958 -0.1082  0.2694
  1942.042  0.3926  0.1784
  1942.125 -0.3710  0.2220
  1942.208  0.1010  0.1999
  1942.292  0.1065  0.2258
  1942.375  0.0153  0.2231
  1942.458  0.1404  0.1470
  1942.542 -0.1161  0.0593
  1942.625 -0.0346 -0.0119
  1942.708  0.1076 -0.0207
  1942.792  0.2425  0.0141
  1942.875  0.3611  0.0745
  1942.958  0.1734  0.0899
  1943.042 -0.3180  0.1431
  1943.125  0.3412  0.1303
  1943.208 -0.1900  0.0931
  1943.292  0.2015  0.0733
  1943.375  0.2014  0.0628
  1943.458 -0.2869  0.0832
  1943.542  0.0782  0.1438
  1943.625 -0.0675  0.0735
  1943.708  0.0375  0.1169
  1943.792  0.5088  0.1618
  1943.875  0.1771  0.2300
  1943.958  0.6014  0.1594
  1944.042  0.9199  0.1635
  1944.125  0.5075  0.2186
  1944.208  0.2767  0.3634
  1944.292  0.0271  0.3779
  1944.375  0.0678  0.3560
  1944.458  0.1339  0.3090
  1944.542  0.1103  0.2931
  1944.625  0.1461  0.2885
  1944.708  0.4823  0.2544
  1944.792  0.4322  0.1919
  1944.875 -0.0261  0.1567
  1944.958 -0.4133  0.2057
  1945.042 -0.1254  0.2552
  1945.125 -0.6298  0.2649
  1945.208 -0.0027  0.1797
  1945.292  0.2894  0.2543
  1945.375 -0.2288  0.2903
  1945.458 -0.1617  0.1865
  1945.542 -0.1640  0.2278
  1945.625  0.4498  0.2138
  1945.708  0.1825  0.2577
  1945.792  0.2385  0.2226
  1945.875 -0.0074  0.2206
  1945.958 -0.6993  0.1881
  1946.042  0.3897  0.0966
  1946.125  0.4633 -0.0342
  1946.208  0.0158 -0.0161
  1946.292  0.4641  0.0160
  1946.375 -0.0053 -0.0309
  1946.458 -0.2033 -0.1239
  1946.542  0.0005 -0.1253
  1946.625  0.0024 -0.0973
  1946.708  0.0271 -0.0327
  1946.792 -0.0635 -0.0109
  1946.875  0.1731 -0.0832
  1946.958 -0.6824 -0.0879
  1947.042 -0.1456 -0.1241
  1947.125 -0.0136 -0.1355
  1947.208  0.4700 -0.1677
  1947.292  0.3555 -0.0922
  1947.375  0.0671 -0.1057
  1947.458  0.0898 -0.0075
  1947.542 -0.0543 -0.0576
  1947.625  0.0305 -0.1258
  1947.708  0.1034 -0.2592
  1947.792  0.6088 -0.2368
  1947.875  0.2894 -0.2227
  1947.958 -0.1359 -0.1956
  1948.042  0.8139 -0.2452
  1948.125  0.0228 -0.1476
  1948.208 -0.3539 -0.1698
  1948.292  0.0931 -0.1309
  1948.375  0.2762  0.0107
  1948.458  0.1805 -0.1325
  1948.542  0.0765 -0.1673
  1948.625  0.0130 -0.1054
  1948.708  0.1515 -0.2256
  1948.792  0.1890 -0.2010
  1948.875  0.1366 -0.1593
  1948.958 -0.2513 -0.1143
  1949.042  0.6012 -0.0792
  1949.125 -0.4065 -0.0344
  1949.208 -0.1302 -0.0562
  1949.292  0.0136 -0.0221
  1949.375  0.1208 -0.1089
  1949.458 -0.1509 -0.1877
  1949.542 -0.1216 -0.0983
  1949.625  0.0489 -0.1042
  1949.708 -0.0949 -0.0935
  1949.792  0.1515 -0.1071
  1949.875  0.1713 -0.1752
  1949.958 -0.4037 -0.1474
  1950.042 -0.7633 -0.1236
  1950.125 -0.4419 -0.1501
  1950.208 -0.0215 -0.1471
  1950.292 -0.2377 -0.1590
  1950.375  0.0174 -0.1195
  1950.458 -0.0313 -0.0718
  1950.542 -0.2148 -0.0564
  1950.625 -0.3590 -0.0733
  1950.708 -0.0963 -0.1060
  1950.792 -0.1822 -0.1808
  1950.875 -0.8076 -0.1906
  1950.958 -0.1756 -0.2230
  1951.042 -0.5214 -0.1936
  1951.125 -0.9584 -0.1995
  1951.208 -0.3065 -0.1671
  1951.292 -0.0501 -0.1448
  1951.375  0.2067 -0.1055
  1951.458 -0.1061 -0.0199
  1951.542  0.0412  0.0321
  1951.625  0.1637  0.0167
  1951.708  0.2959 -0.0032
  1951.792  0.1854  0.0302
  1951.875  0.0169  0.0089
  1951.958  0.5279  0.0436
  1952.042  0.4422  0.0839
  1952.125  0.2089  0.0921
  1952.208 -0.4240  0.0626
  1952.292  0.0823  0.0277
  1952.375  0.0395 -0.0452
  1952.458  0.0078 -0.0254
  1952.542  0.2434 -0.0220
  1952.625  0.1385  0.0364
  1952.708  0.1972  0.0152
  1952.792 -0.1763  0.0254
  1952.875 -0.6890 -0.0092
  1952.958 -0.1435 -0.0107
  1953.042  0.3811 -0.0091
  1953.125  0.5082  0.0213
  1953.208  0.4328  0.0084
  1953.292  0.4035  0.0737
  1953.375  0.1916  0.0717
  1953.458  0.1631  0.0661
  1953.542  0.0119  0.0445
  1953.625  0.2628  0.0118
  1953.708  0.1856 -0.0078
  1953.792  0.2465 -0.0247
  1953.875 -0.1991 -0.0427
  1953.958  0.2841 -0.0657
  1954.042 -0.6536 -0.0988
  1954.125 -0.1591 -0.0534
  1954.208 -0.2216 -0.0694
  1954.292 -0.2616 -0.1742
  1954.375 -0.3793 -0.1552
  1954.458 -0.0326 -0.1619
  1954.542 -0.1397 -0.1664
  1954.625  0.0282 -0.1628
  1954.708  0.0732 -0.1254
  1954.792  0.1485 -0.1494
  1954.875  0.4978 -0.1608
  1954.958 -0.2524 -0.2042
  1955.042  0.6960 -0.2091
  1955.125 -0.0555 -0.2355
  1955.208 -0.7444 -0.1787
  1955.292 -0.2987 -0.2364
  1955.375 -0.1141 -0.2067
  1955.458  0.0511 -0.1511
  1955.542 -0.1114 -0.0988
  1955.625  0.3373 -0.1467
  1955.708 -0.0409 -0.1798
  1955.792  0.2527 -0.2515
  1955.875 -0.2688 -0.2347
  1955.958 -0.4998 -0.2285
  1956.042 -0.3266 -0.1202
  1956.125 -0.6132 -0.1448
  1956.208 -0.5135 -0.1264
  1956.292 -0.4836 -0.1909
  1956.375 -0.4917 -0.1628
  1956.458 -0.2013 -0.1654
  1956.542 -0.2053 -0.1393
  1956.625 -0.4969 -0.1301
  1956.708 -0.2945 -0.2071
  1956.792 -0.3929 -0.1181
  1956.875 -0.4366 -0.0709
  1956.958 -0.3156 -0.0770
  1957.042 -0.3152 -0.0791
  1957.125 -0.1702 -0.0606
  1957.208 -0.2788  0.0020
  1957.292 -0.1911  0.0086
  1957.375 -0.0833  0.1496
  1957.458  0.2327  0.1116
  1957.542 -0.2409  0.1427
  1957.625  0.2025  0.0957
  1957.708  0.1170  0.0061
  1957.792  0.0081 -0.0001
  1957.875  0.2425  0.0303
  1957.958  0.6467  0.0591
  1958.042  0.9039  0.0944
  1958.125  0.5264  0.1021
  1958.208  0.1006  0.0716
  1958.292  0.0011  0.0721
  1958.375  0.2853  0.0310
  1958.458 -0.2981  0.1225
  1958.542  0.1521  0.0595
  1958.625 -0.2034  0.0398
  1958.708 -0.1597  0.0632
  1958.792  0.0312  0.0391
  1958.875  0.1341  0.0222
  1958.958 -0.0043  0.0716
  1959.042  0.1614  0.0189
  1959.125  0.0735  0.0631
  1959.208  0.5356  0.0448
  1959.292  0.4016  0.0430
  1959.375  0.0224  0.0626
  1959.458  0.1216 -0.0073
  1959.542  0.2200  0.0112
  1959.625  0.0188  0.0132
  1959.708 -0.1523  0.0303
  1959.792 -0.2838  0.0282
  1959.875 -0.4242 -0.0228
  1959.958 -0.0071 -0.0621
  1960.042 -0.0064 -0.0405
  1960.125  0.5745 -0.0532
  1960.208 -1.0232 -0.0109
  1960.292 -0.3059 -0.0506
  1960.375 -0.3922  0.0231
  1960.458 -0.0149  0.0056
  1960.542 -0.1417  0.0334
  1960.625 -0.0236 -0.0029
  1960.708  0.0950  0.0129
  1960.792  0.1168  0.0225
  1960.875 -0.2677 -0.0004
  1960.958  0.4512  0.0201
  1961.042  0.2096  0.0206
  1961.125  0.4420  0.0713
  1961.208  0.2457  0.0809
  1961.292  0.1775  0.1042
  1961.375  0.2548  0.0753
  1961.458  0.2865  0.0548
  1961.542  0.0186 -0.0366
  1961.625  0.1615 -0.0165
  1961.708  0.2015 -0.0359
  1961.792 -0.0557 -0.0094
  1961.875  0.0553 -0.0233
  1961.958 -0.3593 -0.0037
  1962.042  0.2674 -0.0029
  1962.125  0.4296 -0.0026
  1962.208  0.2249  0.0122
  1962.292  0.0878 -0.0050
  1962.375 -0.1170  0.0021
  1962.458 -0.0111  0.0566
  1962.542 -0.1279  0.0229
  1962.625 -0.0978  0.0091
  1962.708 -0.0352  0.0439
  1962.792  0.0575 -0.0183
  1962.875  0.1925 -0.0255
  1962.958  0.1095 -0.0363
  1963.042  0.0621 -0.0526
  1963.125  0.7009 -0.0188
  1963.208 -0.1910  0.0033
  1963.292 -0.2973  0.0458
  1963.375 -0.2323 -0.0118
  1963.458  0.0420  0.0027
  1963.542  0.2086  0.0282
  1963.625  0.5362  0.0803
  1963.708  0.5713  0.0509
  1963.792  0.5964  0.0206
  1963.875  0.4146  0.0590
  1963.958 -0.0933  0.0569
  1964.042  0.0584  0.0088
  1964.125 -0.3506 -0.0343
  1964.208 -0.4091 -0.0691
  1964.292 -0.5372 -0.1038
  1964.375 -0.3151 -0.1421
  1964.458  0.0215 -0.1463
  1964.542  0.0320 -0.1517
  1964.625 -0.1834 -0.1598
  1964.708 -0.4735 -0.1660
  1964.792 -0.5549 -0.1835
  1964.875 -0.1092 -0.2460
  1964.958 -0.4332 -0.2667
  1965.042  0.1333 -0.1975
  1965.125 -0.2456 -0.1408
  1965.208 -0.1176 -0.1551
  1965.292 -0.4057 -0.1280
  1965.375 -0.0772 -0.1451
  1965.458 -0.0422 -0.0719
  1965.542 -0.2600 -0.0791
  1965.625 -0.0053 -0.0132
  1965.708 -0.3756 -0.0093
  1965.792  0.0458 -0.0348
  1965.875 -0.2781 -0.0340
  1965.958  0.0007 -0.0383
  1966.042 -0.2257 -0.0273
  1966.125  0.0916 -0.0537
  1966.208  0.3254 -0.0596
  1966.292 -0.2546 -0.0498
  1966.375 -0.1206 -0.0729
  1966.458  0.0670 -0.0312
  1966.542  0.2918 -0.0179
  1966.625 -0.0882 -0.0950
  1966.708  0.0695 -0.0483
  1966.792 -0.1635 -0.0500
  1966.875 -0.0529 -0.0229
  1966.958 -0.3609 -0.0227
  1967.042  0.0385 -0.0877
  1967.125 -0.3580 -0.0678
  1967.208  0.1386 -0.0746
  1967.292 -0.0403 -0.0617
  1967.375  0.3288 -0.0171
  1967.458 -0.2724 -0.0028
  1967.542  0.0243 -0.0307
  1967.625 -0.0458  0.0191
  1967.708 -0.0566 -0.0382
  1967.792  0.3506 -0.0752
  1967.875  0.0186 -0.1079
  1967.958  0.0791 -0.1351
  1968.042 -0.3800 -0.1760
  1968.125 -0.1077 -0.1688
  1968.208  0.8934 -0.1846
  1968.292  0.0636 -0.1186
  1968.375 -0.2707 -0.0407
  1968.458 -0.2361  0.0179
  1968.542 -0.2721 -0.0129
  1968.625 -0.2771 -0.0238
  1968.708 -0.4666  0.0059
  1968.792  0.1361  0.0928
  1968.875 -0.1262  0.0714
  1968.958 -0.5454  0.1051
  1969.042 -0.8671  0.1711
  1969.125 -0.8594  0.1883
  1969.208 -0.2727  0.2197
  1969.292  0.1458  0.2430
  1969.375  0.0913  0.2290
  1969.458 -0.0136  0.0892
  1969.542 -0.0939  0.0587
  1969.625 -0.0662  0.0988
  1969.708 -0.0087  0.1244
  1969.792  0.0943  0.0616
  1969.875  0.2522  0.0847
  1969.958  0.4031  0.1146
  1970.042  0.0271  0.1376
  1970.125  0.5474  0.0880
  1970.208 -0.0394  0.0737
  1970.292  0.2041  0.0940
  1970.375 -0.1017  0.0209
  1970.458  0.0789 -0.0752
  1970.542  0.0902 -0.1127
  1970.625 -0.1380 -0.0573
  1970.708  0.1985 -0.0116
  1970.792  0.0018  0.0135
  1970.875 -0.0446  0.0033
  1970.958 -0.2757 -0.0739
  1971.042  0.2022 -0.0797
  1971.125 -0.3266 -0.1686
  1971.208 -0.2897 -0.1540
  1971.292 -0.1313 -0.1128
  1971.375 -0.0469 -0.1042
  1971.458 -0.3927 -0.1158
  1971.542 -0.1923 -0.1096
  1971.625 -0.0001 -0.1054
  1971.708  0.1169 -0.1258
  1971.792  0.0245 -0.1289
  1971.875  0.2216 -0.1209
  1971.958  0.0950 -0.1492
  1972.042 -0.7681 -0.0180
  1972.125 -0.6306  0.0360
  1972.208 -0.0146 -0.0085
  1972.292 -0.0494  0.0361
  1972.375 -0.0996  0.0161
  1972.458  0.1090  0.0193
  1972.542 -0.0859  0.0882
  1972.625  0.3446  0.0767
  1972.708 -0.1511  0.0914
  1972.792 -0.0357  0.1404
  1972.875 -0.2223  0.1877
  1972.958  0.0212  0.2683
  1973.042  0.3297  0.2338
  1973.125  0.5884  0.2065
  1973.208  0.5760  0.1615
  1973.292  0.4595  0.1543
  1973.375  0.4680  0.1407
  1973.458  0.3733  0.0471
  1973.542  0.1300  0.0452
  1973.625  0.0145  0.0183
  1973.708  0.1567  0.0138
  1973.792  0.2810 -0.0092
  1973.875  0.0900  0.0031
  1973.958  0.0343 -0.1003
  1974.042 -0.4065 -0.0851
  1974.125 -0.6122 -0.1131
  1974.208  0.0372 -0.1377
  1974.292 -0.0464 -0.1045
  1974.375 -0.0378 -0.0441
  1974.458 -0.0627 -0.0728
  1974.542 -0.0455 -0.0404
  1974.625  0.1633  0.0076
  1974.708 -0.3037 -0.0373
  1974.792 -0.2344 -0.0072
  1974.875 -0.1328 -0.0371
  1974.958 -0.2108 -0.0424
  1975.042  0.4077 -0.0139
  1975.125  0.1498 -0.0298
  1975.208  0.4274 -0.0289
  1975.292  0.1736 -0.0283
  1975.375  0.4637 -0.0443
  1975.458  0.1179 -0.1083
  1975.542  0.0778 -0.1006
  1975.625 -0.3165 -0.0984
  1975.708  0.0988 -0.0955
  1975.792 -0.0020 -0.1540
  1975.875 -0.0737 -0.1865
  1975.958 -0.1314 -0.2026
  1976.042  0.2975 -0.1645
  1976.125 -0.0249 -0.1123
  1976.208 -0.5996 -0.0884
  1976.292 -0.1457 -0.0896
  1976.375 -0.3982 -0.1255
  1976.458 -0.3360 -0.0626
  1976.542 -0.2106 -0.0807
  1976.625 -0.3898 -0.0705
  1976.708 -0.1808 -0.0495
  1976.792 -0.8692  0.0835
  1976.875 -0.4180  0.1151
  1976.958 -0.1013  0.1990
  1977.042 -0.2913  0.2397
  1977.125  0.2772  0.2057
  1977.208  0.5915  0.1764
  1977.292  0.4903  0.1527
  1977.375  0.4971  0.1436
  1977.458  0.3792  0.1373
  1977.542  0.3634  0.1392
  1977.625  0.1664  0.1363
  1977.708 -0.1540  0.1787
  1977.792 -0.2241  0.1794
  1977.875  0.4229  0.1253
  1977.958 -0.0424  0.0961
  1978.042 -0.0342  0.1332
  1978.125  0.1434  0.0997
  1978.208  0.4146  0.1018
  1978.292  0.3466  0.0736
  1978.375  0.0293  0.0560
  1978.458 -0.1889  0.0638
  1978.542  0.0267  0.1043
  1978.625 -0.5292  0.0394
  1978.708  0.0255  0.0503
  1978.792 -0.0034  0.0551
  1978.875  0.2209  0.1405
  1978.958 -0.0254  0.1600
  1979.042 -0.0501  0.1922
  1979.125 -0.3026  0.1843
  1979.208  0.2559  0.1941
  1979.292 -0.0539  0.2158
  1979.375 -0.1321  0.1551
  1979.458  0.0329  0.2088
  1979.542 -0.2328  0.1873
  1979.625  0.0346  0.2214
  1979.708  0.2504  0.2571
  1979.792  0.2541  0.2707
  1979.875  0.2273  0.2982
  1979.958  0.8731  0.3045
  1980.042  0.2347  0.3214
  1980.125  0.4523  0.2991
  1980.208  0.1364  0.3000
  1980.292  0.4995  0.2542
  1980.375  0.5024  0.2464
  1980.458  0.1344  0.2142
  1980.542  0.4402  0.2018
  1980.625  0.3559  0.1616
  1980.708  0.2507  0.1966
  1980.792  0.2048  0.1512
  1980.875  0.6800  0.1957
  1980.958  0.2845  0.2203
  1981.042  1.1534  0.1643
  1981.125  0.8637  0.1367
  1981.208  1.0337  0.1784
  1981.292  0.5375  0.1876
  1981.375  0.2537  0.2070
  1981.458  0.3212  0.2324
  1981.542  0.4597  0.2120
  1981.625  0.6704  0.1607
  1981.708  0.1617  0.1627
  1981.792 -0.0288  0.1816
  1981.875  0.1725  0.1658
  1981.958  0.7031  0.2154
  1982.042 -0.1284  0.2033
  1982.125  0.0998  0.1286
  1982.208 -0.3312  0.1474
  1982.292  0.0502  0.1721
  1982.375  0.1214  0.1853
  1982.458 -0.2000  0.1503
  1982.542  0.2499  0.0844
  1982.625 -0.0339  0.1186
  1982.708  0.0254  0.2253
  1982.792 -0.0683  0.2590
  1982.875 -0.0012  0.2569
  1982.958  0.6928  0.3001
  1983.042  0.8779  0.3451
  1983.125  0.6114  0.3381
  1983.208  0.5842  0.3028
  1983.292  0.3285  0.2760
  1983.375  0.4652  0.2648
  1983.458  0.0070  0.2539
  1983.542  0.0974  0.1900
  1983.625  0.4656  0.2046
  1983.708  0.6687  0.2041
  1983.792  0.1279  0.1802
  1983.875  0.6416  0.1789
  1983.958  0.0750  0.1950
  1984.042  0.3972  0.2165
  1984.125  0.0613  0.2333
  1984.208  0.4330  0.2025
  1984.292 -0.0148  0.1610
  1984.375  0.6303  0.1361
  1984.458 -0.0900  0.0839
  1984.542  0.2082  0.1000
  1984.625  0.1398  0.1319
  1984.708  0.0243  0.2088
  1984.792  0.0997  0.1044
  1984.875 -0.1627  0.1072
  1984.958 -0.5576  0.1095
  1985.042  0.3043  0.1087
  1985.125 -0.5426  0.1478
  1985.208  0.2193  0.1304
  1985.292  0.2773  0.0990
  1985.375  0.2423  0.1287
  1985.458  0.2246  0.0756
  1985.542 -0.2840  0.1060
  1985.625  0.2426  0.0614
  1985.708 -0.0148  0.1280
  1985.792  0.0460  0.1327
  1985.875 -0.0905  0.1318
  1985.958  0.0110  0.1541
  1986.042  0.7855  0.1277
  1986.125  0.7095  0.1537
  1986.208  0.5908  0.1495
  1986.292  0.5155  0.1458
  1986.375  0.4369  0.1522
  1986.458  0.0527  0.1759
  1986.542  0.0380  0.1702
  1986.625  0.1060  0.1473
  1986.708 -0.2400  0.2010
  1986.792 -0.0420  0.2541
  1986.875 -0.1122  0.2096
  1986.958  0.0587  0.2114
  1987.042  0.5508  0.2424
  1987.125  1.0496  0.2440
  1987.208 -0.0477  0.2991
  1987.292  0.2088  0.2955
  1987.375  0.2375  0.2954
  1987.458  0.5090  0.2491
  1987.542  0.7020  0.3200
  1987.625  0.0964  0.3604
  1987.708  0.4192  0.3993
  1987.792  0.1642  0.3829
  1987.875 -0.0162  0.4249
  1987.958  0.7682  0.3575
  1988.042  0.8557  0.4108
  1988.125  0.2997  0.3989
  1988.208  0.7208  0.3702
  1988.292  0.6109  0.3385
  1988.375  0.6206  0.2837
  1988.458  0.6897  0.2333
  1988.542  0.5020  0.2239
  1988.625  0.8217  0.2228
  1988.708  0.6757  0.2233
  1988.792  0.6814  0.2144
  1988.875  0.2333  0.1585
  1988.958  0.7143  0.1392
  1989.042  0.2409  0.1677
  1989.125  0.4653  0.1485
  1989.208  0.6973  0.1559
  1989.292  0.4562  0.2085
  1989.375  0.0824  0.2130
  1989.458 -0.0381  0.2121
  1989.542  0.3588  0.2505
  1989.625  0.4779  0.2497
  1989.708  0.3983  0.2715
  1989.792  0.4555  0.2430
  1989.875  0.1828  0.2661
  1989.958  0.6626  0.2385
  1990.042  0.6741  0.2506
  1990.125  0.6045  0.3285
  1990.208  1.5168  0.3243
  1990.292  0.7501  0.3412
  1990.375  0.4838  0.3518
  1990.458  0.4561  0.3029
  1990.542  0.4347  0.3405
  1990.625  0.2836  0.3081
  1990.708  0.2539  0.3164
  1990.792  0.5732  0.3677
  1990.875  0.8038  0.3597
  1990.958  0.6741  0.3454
  1991.042  0.6412  0.3223
  1991.125  0.9138  0.3127
  1991.208  0.3898  0.3086
  1991.292  0.8097  0.3746
  1991.375  0.3863  0.3501
  1991.458  0.7817  0.3551
  1991.542  0.6908  0.3688
  1991.625  0.4977  0.3215
  1991.708  0.7596  0.2812
  1991.792  0.4492  0.2468
  1991.875  0.3693  0.2480
  1991.958  0.3832  0.2584
  1992.042  0.9361  0.2459
  1992.125  0.7659  0.2782
  1992.208  0.7113  0.2801
  1992.292  0.1582  0.3097
  1992.375  0.3197  0.3117
  1992.458  0.1883  0.2851
  1992.542 -0.1361  0.2132
  1992.625 -0.0356  0.1618
  1992.708 -0.3130  0.1640
  1992.792  0.0548  0.1577
  1992.875 -0.1613  0.1432
  1992.958  0.3309  0.1627
  1993.042  0.6790  0.2188
  1993.125  0.6032  0.2310
  1993.208  0.6314  0.2269
  1993.292  0.2555  0.2536
  1993.375  0.1717  0.2701
  1993.458  0.1304  0.2382
  1993.542  0.2802  0.1890
  1993.625  0.0262  0.1685
  1993.708 -0.1192  0.2148
  1993.792  0.2499  0.2084
  1993.875 -0.3511  0.2157
  1993.958  0.3141  0.1966
  1994.042  0.5009  0.2002
  1994.125 -0.3657  0.1939
  1994.208  0.4561  0.2142
  1994.292  0.7170  0.2293
  1994.375  0.3662  0.2689
  1994.458  0.7228  0.2326
  1994.542  0.4551  0.2443
  1994.625  0.2063  0.2591
  1994.708  0.4616  0.2463
  1994.792  0.6611  0.3021
  1994.875  0.7462  0.3140
  1994.958  0.4183  0.3243
  1995.042  0.9449  0.2946
  1995.125  1.5769  0.3109
  1995.208  0.7494  0.3069
  1995.292  0.5365  0.2894
  1995.375  0.2313  0.2769
  1995.458  0.6545  0.2968
  1995.542  0.8170  0.3290
  1995.625  0.7779  0.3223
  1995.708  0.4598  0.2596
  1995.792  0.8146  0.2657
  1995.875  0.7454  0.2818
  1995.958  0.4742  0.2411
  1996.042  0.2571  0.2215
  1996.125  0.7918  0.2745
  1996.208  0.1839  0.2953
  1996.292  0.3591  0.2983
  1996.375  0.3251  0.2699
  1996.458  0.2487  0.2771
  1996.542  0.5478  0.2381
  1996.625  0.7645  0.2761
  1996.708  0.2527  0.2623
  1996.792  0.1475  0.2351
  1996.875  0.4270  0.2419
  1996.958  0.6931  0.2400
  1997.042  0.6303  0.2197
  1997.125  0.6249  0.2517
  1997.208  0.8277  0.2880
  1997.292  0.4509  0.3130
  1997.375  0.3466  0.3740
  1997.458  0.7297  0.4172
  1997.542  0.2689  0.4313
  1997.625  0.4478  0.4632
  1997.708  0.6548  0.5285
  1997.792  0.8238  0.5399
  1997.875  0.7782  0.5286
  1997.958  0.7306  0.5544
  1998.042  0.7892  0.5237
  1998.125  1.7798  0.5136
  1998.208  0.8180  0.4830
  1998.292  0.8406  0.5084
  1998.375  0.9909  0.5252
  1998.458  1.1277  0.5046
  1998.542  1.0630  0.5180
  1998.625  1.0388  0.4846
  1998.708  0.6116  0.3746
  1998.792  0.6531  0.3630
  1998.875  0.4889  0.3900
  1998.958  1.0236  0.3249
  1999.042  0.9870  0.2667
  1999.125  1.5733  0.2559
  1999.208  0.3035  0.3198
  1999.292  0.4240  0.2960
  1999.375  0.4330  0.2611
  1999.458  0.5452  0.2493
  1999.542  0.6151  0.2382
  1999.625  0.5302  0.2369
  1999.708  0.7036  0.2325
  1999.792  0.7635  0.2297
  1999.875  0.6628  0.2297
  1999.958  0.9864  0.2536
  2000.042  0.3370  0.2512
  2000.125  1.0666  0.2675
  2000.208  1.0628  0.2695
  2000.292  1.2029  0.2797
  2000.375  0.6270  0.2741
  2000.458  0.7034  0.2387
  2000.542  0.5703  0.2649
  2000.625  0.7358  0.2871
  2000.708  0.5408  0.3400
  2000.792  0.1564  0.3205
  2000.875  0.2027  0.2913
  2000.958  0.1711  0.2963
  2001.042  0.6415  0.2977
  2001.125  0.5990  0.3094
  2001.208  1.0486  0.3595
  2001.292  0.8573  0.3911
  2001.375  0.9487  0.3991
  2001.458  0.7012  0.4106
  2001.542  0.9205  0.4186
  2001.625  0.6898  0.4099
  2001.708  0.7278  0.4205
  2001.792  0.5918  0.4380
  2001.875  1.2301  0.4124
  2001.958  0.6679  0.3951
  2002.042  1.5105  0.3803
  2002.125  1.6438  0.4035
  2002.208  1.6488  0.4510
  2002.292  0.8190  0.4562
  2002.375  0.9391  0.4546
  2002.458  0.6804  0.4446
  2002.542  1.0749  0.4153
  2002.625  0.7525  0.3987
  2002.708  0.9522  0.4233
  2002.792  0.6248  0.4374
  2002.875  0.8752  0.4061
  2002.958  0.2286  0.4197
  2003.042  1.3039  0.3954
  2003.125  0.8571  0.4199
  2003.208  0.8129  0.4397
  2003.292  0.7227  0.4252
  2003.375  0.8868  0.4160
  2003.458  0.6016  0.4185
  2003.542  0.6375  0.4709
  2003.625  0.9134  0.4943
  2003.708  0.8069  0.5258
  2003.792  1.1066  0.5325
  2003.875  0.6773  0.4696
  2003.958  1.3318  0.4328
  2004.042  0.9215  0.4349
  2004.125  1.2708  0.4473
  2004.208  1.1756  0.4244
  2004.292  0.9437  0.4474
  2004.375  0.4202  0.3927
  2004.458  0.4780  0.3767
  2004.542 -0.0172  0.4457
  2004.625  0.4253  0.4697
  2004.708  0.6363  0.4758
  2004.792  0.8973  0.4852
  2004.875  1.2662  0.4686
  2004.958  0.5992  0.4499
  2005.042  1.0941  0.4303
  2005.125  0.6592  0.4194
  2005.208  1.2023  0.4305
  2005.292  1.1761  0.4499
  2005.375  0.9133  0.4799
  2005.458  1.0387  0.4696
  2005.542  0.9591  0.4936
  2005.625  0.7849  0.5077
  2005.708  1.2518  0.4824
  2005.792  1.2845  0.4629
  2005.875  1.3448  0.4246
  2005.958  1.0647  0.3975
  2006.042  0.7013  0.3905
  2006.125  1.1391  0.3808
  2006.208  1.0392  0.3668
  2006.292  0.6256  0.4135
  2006.375  0.4355  0.4342
  2006.458  1.0359  0.4326
  2006.542  0.7669  0.4553
  2006.625  1.1170  0.4798
  2006.708  0.8346  0.5091
  2006.792  0.9522  0.4782
  2006.875  0.9582  0.5064
  2006.958  1.2685  0.4759
  2007.042  1.9045  0.4554
  2007.125  1.1069  0.4209
  2007.208  1.3093  0.3767
  2007.292  1.3261  0.3815
  2007.375  1.2472  0.3862
  2007.458  0.8928  0.4020
  2007.542  0.9950  0.3860
  2007.625  0.9938  0.3562
  2007.708  1.0492  0.3769
  2007.792  1.0132  0.3413
  2007.875  1.0307  0.2633
  2007.958  0.8846  0.2414
  2008.042  0.1912  0.2488
  2008.125  0.4464  0.2605
  2008.208  1.7577  0.2737
  2008.292  0.8509  0.3150
  2008.375  0.6891  0.3465
  2008.458  0.6115  0.3697
  2008.542  0.9205  0.4198
  2008.625  0.4709  0.4491
  2008.708  0.8299  0.4508
  2008.792  1.0149  0.4522
  2008.875  1.1907  0.3848
  2008.958  0.7204  0.3898
  2009.042  0.9769  0.3702
  2009.125  0.9421  0.3450
  2009.208  0.9078  0.3790
  2009.292  0.9923  0.4261
  2009.375  0.8671  0.4772
  2009.458  0.8052  0.5721
  2009.542  0.8930  0.5886
  2009.625  0.8370  0.5648
  2009.708  1.0861  0.5047
  2009.792  0.7818  0.5257
  2009.875  1.0117  0.5422
  2009.958  0.5461  0.5775
  2010.042  1.0073  0.5614
  2010.125  1.0863  0.5446
  2010.208  1.5341  0.5650
  2010.292  1.2804  0.5779
  2010.375  1.0252  0.5547
  2010.458  0.8819  0.5227
  2010.542  0.8799  0.5085
  2010.625  0.9347  0.4805
  2010.708  0.8244  0.4496
  2010.792  1.1191  0.4046
  2010.875  1.5069  0.3701
  2010.958  0.5821  0.3633
  2011.042  0.6343  0.3491
  2011.125  0.6381  0.3831
  2011.208  0.8796  0.3798
  2011.292  1.1159  0.3959
  2011.375  0.6769  0.4184
  2011.458  0.8619  0.4326
  2011.542  1.2618  0.4157
  2011.625  1.2562  0.4081
  2011.708  0.8991  0.3790
  2011.792  1.1064  0.3765
  2011.875  0.7552  0.3614
  2011.958  0.8296  0.3116
  2012.042  0.6078  0.3204
  2012.125  0.4571  0.3770
  2012.208  0.9350  0.3566
  2012.292  1.2662  0.3879
  2012.375  1.3157  0.4318
  2012.458  1.0228  0.4152
  2012.542  0.7865  0.4877
  2012.625  0.8336  0.5086
  2012.708  1.0407  0.5535
  2012.792  1.1019  0.5247
  2012.875  1.1310  0.4766
  2012.958  0.4200  0.4702
  2013.042  1.1187  0.3963
  2013.125  1.0187  0.4045
  2013.208  1.0592  0.4020
  2013.292  0.5740  0.4486
  2013.375  0.8645  0.4936
  2013.458  1.0567  0.4539
  2013.542  0.7538  0.5313
  2013.625  0.9197  0.5450
  2013.708  1.2228  0.5211
  2013.792  0.9721  0.5136
  2013.875  1.3682  0.5384
  2013.958  0.9789  0.4755
  2014.042  1.1820  0.4420
  2014.125  0.3588  0.4410
  2014.208  1.2106  0.4756
  2014.292  1.2226  0.5548
  2014.375  1.3211  0.5830
  2014.458  0.8597  0.6120
  2014.542  0.5683  0.6152
  2014.625  1.1307  0.6697
  2014.708  1.2145  0.6860
  2014.792  1.1442  0.6473
  2014.875  0.7797  0.5950
  2014.958  1.2025  0.5813
  2015.042  1.3353  0.5530
  2015.125  1.5235  0.5242
  2015.208  1.5451  0.5675
  2015.292  0.8980  0.6341
  2015.375  1.0159  0.6799
  2015.458  1.0911  0.6801
  2015.542  0.8471  0.7078
  2015.625  1.0572  0.7152
  2015.708  1.0691  0.7636
  2015.792  1.4569  0.8103
  2015.875  1.3501  0.7973
  2015.958  1.8042  0.7744
  2016.042  1.5704  0.7974
  2016.125  2.3052  0.7352
  2016.208  2.2799  0.7458
  2016.292  1.6939  0.7512
  2016.375  1.2067  0.7049
  2016.458  0.9498  0.7039
  2016.542  1.0103  0.7201
  2016.625  1.5582  0.6940
  2016.708  1.1702  0.6770
  2016.792  1.0161  0.6633
  2016.875  1.1919  0.5831
  2016.958  1.1465  0.5481
  2017.042  1.4581  0.5833
  2017.125  1.8165  0.6181
  2017.208  1.8885  0.6357
  2017.292  1.1786  0.6839
  2017.375  1.2689  0.6617
------------------------------------
