---------------------------------------------------------------
Total CO2 Emissions by Countries and Regions (Mt/year)
---------------------------------------------------------------
                                             Rest of  Canada
Year      US  Russia   Japan Germany     UK  Eur/Eur  Australia
---------------------------------------------------------------
1850     5.4     0.0      .      4.1    33.5      .       .
1851     6.7      .       .      4.6    31.8      .       .
1852     7.3      .       .      5.2    31.7      .       .
1853     8.2      .       .      5.7    31.5      .       .
1854     9.1      .       .      6.7    38.0      .       .
1855    10.4     0.1      .      7.8    35.6      .       .
1856    10.9      .       .      8.4    38.3      .       .
1857    11.2      .       .      9.0    37.6      .       .
1858    11.4     0.1      .      9.7    36.9      .       .
1859    12.4     0.1      .      9.2    40.9      .       .
1860    12.9     0.1      .      9.9    45.8      .      0.2
1861    12.5     0.1      .     11.3    47.8      .      0.3
1862    12.9     0.1      .     12.4    46.3      .      0.2
1863    15.0     0.1      .     13.5    49.2      .      0.3
1864    16.0     0.1      .     15.5    52.9      .      0.3
1865    16.1     0.1      .     17.3    56.1      .      0.4
1866    16.2     0.5      .     17.2    57.8      .      0.5
1867    19.9     0.5      .     18.9    59.3      .      0.7
1868    22.5     0.4     0.0    20.3    58.2      .      0.5
1869    25.6     0.6     0.0    21.2    61.1      .      0.4
1870    26.9     0.6     0.0    20.9    62.4      .      0.5
1871    28.1     0.9     0.0    23.3    66.1      .      0.7
1872    34.5     0.9     0.0    25.1    69.6      .      0.7
1873    38.1     0.8     0.0    26.8    72.2      .      0.7
1874    36.7     1.0     0.2    19.5    70.2      .      0.7
1875    37.0     1.2     0.4    27.7    74.1      .      0.7
1876    36.2     1.4     0.4    28.2    74.0      .      0.8
1877    40.2     1.5     0.4    27.6    75.3      .      0.8
1878    39.3     1.9     0.5    28.5    74.0      .      0.8
1879    47.9     2.0     0.6    30.3    74.4      .      1.0
1880    54.2     2.3     0.6    34.0    81.1      .      2.0
1881    57.4     2.4     0.7    36.6    85.2      .      2.0
1882    64.2     2.5     0.7    39.2    86.0      .      2.4
1883    69.3     2.9     0.7    41.8    89.4      .      2.7
1884    73.0     2.9     0.8    43.0    87.1      .      3.0
1885    74.3     3.2     0.9    44.0    86.1      .      3.0
1886    78.5     3.3     1.0    44.5    85.3      .      3.2
1887    83.9     3.5     1.2    46.5    87.5      .      3.6
1888   102.0     3.6     1.4    50.9    90.9      .      4.6
1889    91.6     3.9     1.7    54.3    94.2      .      4.0
1890   109.7     4.4     1.8    56.8    96.3      .      4.4
1891   116.7     4.9     2.2    60.3    98.4      .      4.9
1892   122.9     5.2     2.2    58.7    96.3    70.7     4.9
1893   123.9     6.1     2.3    60.2    86.3    71.6     5.1
1894   116.0     6.2     3.0    62.6    98.8    76.2     5.1
1895   131.0     7.1     3.3    65.0    99.8    78.5     4.9
1896   131.2     7.2     3.5    69.9   102.6    82.3     5.2
1897   136.5     8.4     3.7    74.7   105.3    86.7     5.4
1898   148.8     9.4     4.7    77.9   105.6    91.3     5.8
1899   170.7    10.9     4.7    82.8   113.1    96.6     6.8
1900   180.9    12.3     5.3    89.2   114.6   103.1     8.4
1901   196.9    12.6     6.4    88.9   112.1   102.2     9.6
1902   208.6    12.2     6.8    87.1   116.4   100.0    10.1
1903   244.1    11.9     7.0    93.8   117.3   105.8    10.7
1904   240.2    13.3     7.9    97.2   117.9   107.0    12.2
1905   268.7    11.9     8.2   104.3   119.4   109.2    12.9
1906   282.0    13.5     9.0    98.8   123.7   119.8    14.1
1907   328.0    15.2     9.6   120.7   129.2   130.1    17.0
1908   286.8    15.3    10.3   121.9   126.1   138.2    17.5
1909   317.5    16.1    10.4   121.6   127.2   137.2    16.4
1910   346.4    15.8    10.7   121.6   128.2   142.1    18.8
1911   342.9    16.4    12.1   125.2   131.4   144.5    21.7
1912   366.0    18.5    13.4   136.2   124.4   153.2    24.0
1913   393.0    20.1    14.8   146.0   136.0   166.7    27.7
1914   359.1    18.2    15.8   135.9   131.9   131.4    25.3
1915   372.6    16.7    14.4   126.3   133.6   118.3    22.6
1916   413.8    17.8    16.0   136.6   138.4   119.7    26.1
1917   455.4    16.4    18.4   143.2   136.8   109.9    28.9
1918   476.4     6.5    19.5   137.4   127.4    97.2    30.7
1919   403.1     5.6    21.6   105.7   124.5    75.7    26.7
1920   473.8     5.1    20.3   117.1   128.3   112.8    30.1
1921   388.1     5.5    18.2   129.1    87.3   109.1    28.3
1922   391.2     6.7    19.5   124.3   116.9   123.9    25.5
1923   516.9     7.4    20.7    90.6   124.2   132.5    32.2
1924   462.8     8.9    21.7   123.3   129.9   146.7    28.5
1925   475.1     8.7    22.4   125.0   122.7   149.0    28.2
1926   515.4    12.7    22.5   112.8    67.2   154.0    30.7
1927   503.5    15.7    24.4   131.3   127.4   170.6    33.0
1928   498.9    17.5    25.2   137.8   119.4   171.8    32.8
1929   535.0    18.8    25.9   147.1   125.7   192.6    33.5
1930   475.5    25.6    23.5   126.0   120.4   188.6    31.8
1931   404.8    30.8    21.3   105.2   112.5   183.0    26.0
1932   342.9    34.6    21.3    94.8   108.1   165.8    24.7
1933   367.7    38.7    24.9    99.6   107.0   172.0    24.9
1934   391.5    46.8    27.6   111.5   115.5   185.1    28.0
1935   406.7    53.0    29.0   123.5   117.1   189.5    28.4
1936   466.9    60.8    31.9   136.4   123.9   192.8    30.9
1937   488.4    62.2    34.2   153.8   127.8   210.9    33.4
1938   413.0    65.6    36.0   164.1   122.5   203.9    31.0
1939   455.2    66.4    34.9   177.0   123.5   200.8    34.7
1940   510.8    79.6    41.8   178.6   129.7   217.1    37.6
1941   556.5    69.9    42.2   180.4   128.2   201.2    42.2
1942   598.8    48.1    40.3   182.3   128.0   189.6    45.7
1943   618.8    61.5    41.1   185.4   124.1   196.5    47.2
1944   666.0    57.6    37.9   163.8   120.6   163.4    47.7
1945   642.8    60.9    20.9    31.2   114.0   132.2    44.5
1946   614.9    68.5    14.4    73.8   119.0   190.9    47.4
1947   677.1    82.5    19.1    86.7   125.9   226.2    49.6
1948   703.3    87.7    24.0   103.1   129.8   240.9    53.8
1949   589.5    99.8    26.9   118.0   132.4   264.1    49.9
1950   692.1   111.2    28.0   139.4   136.6   267.5    57.0
1951   713.0   120.5    33.7   157.5   148.7   296.2    60.5
1952   694.6   129.1    35.6   166.8   144.2   306.2    59.9
1953   711.2   136.5    39.8   170.2   147.4   314.5    60.1
1954   677.7   149.1    38.9   180.1   150.9   338.5    63.0
1955   742.8   169.1    38.7   197.5   157.4   369.8    65.5
1956   778.6   185.4    43.9   209.1   156.7   401.7    71.7
1957   772.0   202.9    51.3   212.3   155.7   425.1    70.2
1958   748.1   216.5    49.5   206.5   151.7   432.0    70.9
1959   770.6   227.7    52.6   206.3   149.1   448.5    73.2
1960   788.3   237.0    63.5   222.2   159.3   474.4    76.7
1961   785.5   244.4    77.2   227.9   160.6   495.4    77.7
1962   814.6   256.5    80.0   241.1   161.8   532.2    82.4
1963   850.6   275.1    88.7   258.1   164.7   578.4    85.1
1964   887.9   292.6    98.0   264.5   165.9   613.4    94.6
1965   924.7   310.4   105.5   262.1   169.8   641.3   101.8
1966   971.3   327.8   114.5   259.7   168.7   673.4   103.5
1967  1007.8   342.8   133.6   255.6   161.6   704.6   112.1
1968  1044.8   352.4   153.4   268.8   165.5   745.1   119.5
1969  1097.6   367.0   178.3   287.2   171.5   789.5   122.6
1970  1180.5   386.0   209.7   280.1   178.1   848.2   133.4
1971  1188.1   409.7   217.5   283.2   180.2   882.8   137.8
1972  1244.9   431.1   232.7   284.4   176.8   930.8   146.9
1973  1300.8   449.4   249.7   296.6   180.0   985.2   150.7
1974  1254.0   466.6   249.8   290.3   168.4   994.7   153.4
1975  1201.6   490.6   237.3   273.9   164.6  1001.6   156.3
1976  1258.0   509.5   247.9   298.1   163.3  1069.7   156.4
1977  1293.2   526.9   255.0   287.7   164.9  1078.9   162.5
1978  1333.8   545.0   246.5   295.0   165.0  1121.3   168.5
1979  1336.7   549.5   260.6   305.7   175.9  1151.0   176.5
1980  1288.0   571.2   258.4   300.9   158.0  1157.9   181.1
1981  1236.9   560.4   253.5   286.8   152.9  1111.6   180.1
1982  1174.5   571.0   245.5   277.9   149.6  1102.1   177.0
1983  1184.0   579.2   241.0   276.8   148.8  1099.9   172.8
1984  1220.4   584.4   256.4   282.7   144.4  1106.6   180.6
1985  1225.1   630.3   249.6   285.7   152.7  1153.5   180.9
1986  1225.9   632.0   249.6   286.7   155.1  1156.0   175.9
1987  1278.5   658.6   247.0   282.6   155.9  1188.7   187.5
1988  1334.2   676.7   269.7   281.7   155.6  1190.8   195.6
1989  1351.3   662.5   279.7   277.4   158.6  1204.6   202.1
1990  1315.4   621.2   298.9   276.5   151.6  1134.0   190.6
1991  1315.1   598.7   299.8   253.6   154.6  1110.9   187.7
1992  1339.3   566.9   306.5   243.2   151.7  1102.0   193.4
1993  1372.5   528.6   302.7   239.3   148.8  1046.1   197.2
1994  1390.4   463.1   320.0   236.0   149.1   988.7   200.4
1995  1401.1   444.9   322.7   235.6   146.8   995.8   204.4
1996  1434.6   439.9   328.5   242.6   150.4  1005.1   213.1
1997  1465.8   416.1   327.5   235.1   143.8   974.3   218.5
1998  1475.6   407.8   315.7   233.3   145.1   979.5   224.5
1999  1502.7   417.5   326.3   224.3   144.8   958.5   229.3
2000  1554.9   424.8   332.8   226.3   147.8   962.7   235.6
2001  1527.5   424.7   328.2   232.8   148.9   978.8   232.6
2002  1540.4   424.6   332.7   226.3   144.2   986.2   234.7
2003  1548.7   437.5   338.7   224.4   147.3  1025.9   242.6
2004  1571.7   436.9   345.2   222.7   147.1  1040.2   244.1
2005  1580.4   440.4   338.0   217.4   148.0  1042.0   246.0
2006  1555.5   455.2   335.8   222.6   147.7  1058.9   246.3
2007  1580.3   454.6   341.5   212.9   144.1  1066.0   249.0
2008  1533.3   467.7   330.0   212.9   141.8  1040.5   252.2
2009  1438.3   429.2   301.0   196.9   128.6   955.3   243.7
2010  1475.0   456.8   319.6   206.9   134.6  1012.0   236.0
2011  1446.8   482.2   324.8   199.6   122.2  1001.8   238.4
2012  1395.1   500.6   335.3   201.6   127.4   977.1   233.7
2013  1414.3   487.9   339.1   206.5   124.8   951.3   232.8
2014  1427.3   487.7   330.5   194.8   113.3   945.9   233.0
2015  1391.4   471.0   323.4   196.2   108.5   948.2   230.8
---------------------------------------------------------------
