Global CO2 annual emissions
---------------------------      
Year CO2emis
---------------------------      
1960   2.569
1961   2.580
1962   2.686
1963   2.833
1964   2.995
1965   3.130
1966   3.288
1967   3.393
1968   3.566
1969   3.780
1970   4.053
1971   4.208
1972   4.376
1973   4.614
1974   4.623
1975   4.596
1976   4.864
1977   5.016
1978   5.074
1979   5.357
1980   5.301
1981   5.138
1982   5.094
1983   5.075
1984   5.258
1985   5.417
1986   5.583
1987   5.725
1988   5.936
1989   6.066
1990   6.096
1991   6.171
1992   6.110
1993   6.104
1994   6.208
1995   6.344
1996   6.491
1997   6.589
1998   6.571
1999   6.559
2000   6.727
2001   6.886
2002   6.946
2003   7.367
2004   7.735
2005   8.025
2006   8.307
2007   8.488
2008   8.738
2009   8.641
2010   9.137
2011   9.508
2012   9.671
2013   9.776
2014   9.840
2015   9.857
---------------------------      
