global surface temperature without CO2 extraction
-------------------------------------------------
 year     +2%      const      -3%       -6%
-------------------------------------------------
 1850   -0.0390   -0.0390   -0.0390   -0.0390
 1851   -0.0014   -0.0014   -0.0014   -0.0014
 1852    0.0314    0.0314    0.0314    0.0314
 1853    0.0516    0.0516    0.0516    0.0516
 1854    0.0638    0.0638    0.0638    0.0638
 1855    0.0670    0.0670    0.0670    0.0670
 1856   -0.0245   -0.0245   -0.0245   -0.0245
 1857   -0.1506   -0.1506   -0.1506   -0.1506
 1858   -0.1503   -0.1503   -0.1503   -0.1503
 1859   -0.0856   -0.0856   -0.0856   -0.0856
 1860   -0.0258   -0.0258   -0.0258   -0.0258
 1861    0.0100    0.0100    0.0100    0.0100
 1862    0.0029    0.0029    0.0029    0.0029
 1863    0.0028    0.0028    0.0028    0.0028
 1864    0.0210    0.0210    0.0210    0.0210
 1865    0.0411    0.0411    0.0411    0.0411
 1866    0.0621    0.0621    0.0621    0.0621
 1867    0.0807    0.0807    0.0807    0.0807
 1868    0.0942    0.0942    0.0942    0.0942
 1869    0.1059    0.1059    0.1059    0.1059
 1870    0.1185    0.1185    0.1185    0.1185
 1871    0.1273    0.1273    0.1273    0.1273
 1872    0.1320    0.1320    0.1320    0.1320
 1873    0.1282    0.1282    0.1282    0.1282
 1874    0.1260    0.1260    0.1260    0.1260
 1875    0.1256    0.1256    0.1256    0.1256
 1876    0.1124    0.1124    0.1124    0.1124
 1877    0.1049    0.1049    0.1049    0.1049
 1878    0.1066    0.1066    0.1066    0.1066
 1879    0.1115    0.1115    0.1115    0.1115
 1880    0.1201    0.1201    0.1201    0.1201
 1881    0.1306    0.1306    0.1306    0.1306
 1882    0.1344    0.1344    0.1344    0.1344
 1883    0.0189    0.0189    0.0189    0.0189
 1884   -0.3167   -0.3167   -0.3167   -0.3167
 1885   -0.3612   -0.3612   -0.3612   -0.3612
 1886   -0.2798   -0.2798   -0.2798   -0.2798
 1887   -0.2405   -0.2405   -0.2405   -0.2405
 1888   -0.1892   -0.1892   -0.1892   -0.1892
 1889   -0.1720   -0.1720   -0.1720   -0.1720
 1890   -0.1950   -0.1950   -0.1950   -0.1950
 1891   -0.1863   -0.1863   -0.1863   -0.1863
 1892   -0.1532   -0.1532   -0.1532   -0.1532
 1893   -0.0905   -0.0905   -0.0905   -0.0905
 1894   -0.0140   -0.0140   -0.0140   -0.0140
 1895    0.0338    0.0338    0.0338    0.0338
 1896    0.0168    0.0168    0.0168    0.0168
 1897    0.0024    0.0024    0.0024    0.0024
 1898    0.0088    0.0088    0.0088    0.0088
 1899    0.0364    0.0364    0.0364    0.0364
 1900    0.0667    0.0667    0.0667    0.0667
 1901    0.0887    0.0887    0.0887    0.0887
 1902    0.0541    0.0541    0.0541    0.0541
 1903   -0.1051   -0.1051   -0.1051   -0.1051
 1904   -0.1164   -0.1164   -0.1164   -0.1164
 1905   -0.0553   -0.0553   -0.0553   -0.0553
 1906    0.0029    0.0029    0.0029    0.0029
 1907    0.0310    0.0310    0.0310    0.0310
 1908    0.0464    0.0464    0.0464    0.0464
 1909    0.0714    0.0714    0.0714    0.0714
 1910    0.0920    0.0920    0.0920    0.0920
 1911    0.1089    0.1089    0.1089    0.1089
 1912    0.0788    0.0788    0.0788    0.0788
 1913    0.0496    0.0496    0.0496    0.0496
 1914    0.0680    0.0680    0.0680    0.0680
 1915    0.1059    0.1059    0.1059    0.1059
 1916    0.1382    0.1382    0.1382    0.1382
 1917    0.1637    0.1637    0.1637    0.1637
 1918    0.1830    0.1830    0.1830    0.1830
 1919    0.1918    0.1918    0.1918    0.1918
 1920    0.1772    0.1772    0.1772    0.1772
 1921    0.1696    0.1696    0.1696    0.1696
 1922    0.1819    0.1819    0.1819    0.1819
 1923    0.1993    0.1993    0.1993    0.1993
 1924    0.2057    0.2057    0.2057    0.2057
 1925    0.2141    0.2141    0.2141    0.2141
 1926    0.2247    0.2247    0.2247    0.2247
 1927    0.2396    0.2396    0.2396    0.2396
 1928    0.2389    0.2389    0.2389    0.2389
 1929    0.2256    0.2256    0.2256    0.2256
 1930    0.2290    0.2290    0.2290    0.2290
 1931    0.2373    0.2373    0.2373    0.2373
 1932    0.2321    0.2321    0.2321    0.2321
 1933    0.2309    0.2309    0.2309    0.2309
 1934    0.2413    0.2413    0.2413    0.2413
 1935    0.2530    0.2530    0.2530    0.2530
 1936    0.2716    0.2716    0.2716    0.2716
 1937    0.2845    0.2845    0.2845    0.2845
 1938    0.2877    0.2877    0.2877    0.2877
 1939    0.2933    0.2933    0.2933    0.2933
 1940    0.3000    0.3000    0.3000    0.3000
 1941    0.3072    0.3072    0.3072    0.3072
 1942    0.3053    0.3053    0.3053    0.3053
 1943    0.2997    0.2997    0.2997    0.2997
 1944    0.3025    0.3025    0.3025    0.3025
 1945    0.3111    0.3111    0.3111    0.3111
 1946    0.3179    0.3179    0.3179    0.3179
 1947    0.3259    0.3259    0.3259    0.3259
 1948    0.3378    0.3378    0.3378    0.3378
 1949    0.3412    0.3412    0.3412    0.3412
 1950    0.3414    0.3414    0.3414    0.3414
 1951    0.3399    0.3399    0.3399    0.3399
 1952    0.3369    0.3369    0.3369    0.3369
 1953    0.3346    0.3346    0.3346    0.3346
 1954    0.3341    0.3341    0.3341    0.3341
 1955    0.3422    0.3422    0.3422    0.3422
 1956    0.3584    0.3584    0.3584    0.3584
 1957    0.3816    0.3816    0.3816    0.3816
 1958    0.3984    0.3984    0.3984    0.3984
 1959    0.4058    0.4058    0.4058    0.4058
 1960    0.4020    0.4020    0.4020    0.4020
 1961    0.3791    0.3791    0.3791    0.3791
 1962    0.3549    0.3549    0.3549    0.3549
 1963    0.2562    0.2562    0.2562    0.2562
 1964    0.1153    0.1153    0.1153    0.1153
 1965    0.0933    0.0933    0.0933    0.0933
 1966    0.1492    0.1492    0.1492    0.1492
 1967    0.2110    0.2110    0.2110    0.2110
 1968    0.2174    0.2174    0.2174    0.2174
 1969    0.2002    0.2002    0.2002    0.2002
 1970    0.2382    0.2382    0.2382    0.2382
 1971    0.2954    0.2954    0.2954    0.2954
 1972    0.3448    0.3448    0.3448    0.3448
 1973    0.3741    0.3741    0.3741    0.3741
 1974    0.3859    0.3859    0.3859    0.3859
 1975    0.3503    0.3503    0.3503    0.3503
 1976    0.3661    0.3661    0.3661    0.3661
 1977    0.4168    0.4168    0.4168    0.4168
 1978    0.4583    0.4583    0.4583    0.4583
 1979    0.4938    0.4938    0.4938    0.4938
 1980    0.5340    0.5340    0.5340    0.5340
 1981    0.5676    0.5676    0.5676    0.5676
 1982    0.4628    0.4628    0.4628    0.4628
 1983    0.3237    0.3237    0.3237    0.3237
 1984    0.3485    0.3485    0.3485    0.3485
 1985    0.4330    0.4330    0.4330    0.4330
 1986    0.4856    0.4856    0.4856    0.4856
 1987    0.5294    0.5294    0.5294    0.5294
 1988    0.5803    0.5803    0.5803    0.5803
 1989    0.6356    0.6356    0.6356    0.6356
 1990    0.6765    0.6765    0.6765    0.6765
 1991    0.5840    0.5840    0.5840    0.5840
 1992    0.3399    0.3399    0.3399    0.3399
 1993    0.3495    0.3495    0.3495    0.3495
 1994    0.4628    0.4628    0.4628    0.4628
 1995    0.5595    0.5595    0.5595    0.5595
 1996    0.6284    0.6284    0.6284    0.6284
 1997    0.6801    0.6801    0.6801    0.6801
 1998    0.7343    0.7343    0.7343    0.7343
 1999    0.7857    0.7857    0.7857    0.7857
 2000    0.8285    0.8285    0.8285    0.8285
 2001    0.8677    0.8677    0.8677    0.8677
 2002    0.9130    0.9130    0.9130    0.9130
 2003    0.9337    0.9337    0.9337    0.9337
 2004    0.9480    0.9480    0.9480    0.9480
 2005    0.9574    0.9574    0.9574    0.9574
 2006    0.9667    0.9667    0.9667    0.9667
 2007    0.9754    0.9754    0.9754    0.9754
 2008    0.9870    0.9870    0.9870    0.9870
 2009    0.9974    0.9974    0.9974    0.9974
 2010    1.0174    1.0174    1.0174    1.0174
 2011    1.0390    1.0390    1.0390    1.0390
 2012    1.0646    1.0646    1.0646    1.0646
 2013    1.0902    1.0902    1.0902    1.0902
 2014    1.1136    1.1136    1.1136    1.1136
 2015    1.1370    1.1370    1.1370    1.1370
 2016    1.1476    1.1474    1.1474    1.1474
 2017    1.1558    1.1553    1.1553    1.1553
 2018    1.1645    1.1634    1.1634    1.1634
 2019    1.1729    1.1708    1.1708    1.1708
 2020    1.1842    1.1807    1.1807    1.1807
 2021    1.2041    1.1989    1.1987    1.1985
 2022    1.2298    1.2225    1.2217    1.2210
 2023    1.2592    1.2495    1.2478    1.2462
 2024    1.2845    1.2719    1.2688    1.2659
 2025    1.3065    1.2907    1.2858    1.2812
 2026    1.3240    1.3044    1.2973    1.2907
 2027    1.3377    1.3141    1.3043    1.2954
 2028    1.3492    1.3211    1.3081    1.2966
 2029    1.3594    1.3264    1.3098    1.2954
 2030    1.2608    1.2224    1.2018    1.1841
 2031    1.1194    1.0753    1.0503    1.0292
 2032    1.1094    1.0592    1.0294    1.0046
 2033    1.1800    1.1232    1.0881    1.0595
 2034    1.2594    1.1955    1.1549    1.1224
 2035    1.2804    1.2090    1.1625    1.1258
 2036    1.2737    1.1945    1.1417    1.1009
 2037    1.3174    1.2298    1.1705    1.1253
 2038    1.3878    1.2915    1.2253    1.1758
 2039    1.4381    1.3325    1.2592    1.2053
 2040    1.4783    1.3630    1.2823    1.2239
 2041    1.5145    1.3891    1.3006    1.2377
 2042    1.5452    1.4092    1.3127    1.2454
 2043    1.5793    1.4323    1.3276    1.2557
 2044    1.6172    1.4587    1.3456    1.2692
 2045    1.6604    1.4898    1.3681    1.2872
 2046    1.7002    1.5172    1.3866    1.3013
 2047    1.7339    1.5380    1.3983    1.3086
 2048    1.7607    1.5514    1.4024    1.3083
 2049    1.7842    1.5610    1.4025    1.3040
 2050    1.8059    1.5683    1.4001    1.2974
 2051    1.8264    1.5739    1.3959    1.2890
 2052    1.8461    1.5783    1.3903    1.2792
 2053    1.8686    1.5849    1.3867    1.2715
 2054    1.9000    1.5999    1.3914    1.2722
 2055    1.9379    1.6209    1.4019    1.2787
 2056    1.9799    1.6455    1.4159    1.2888
 2057    2.0186    1.6663    1.4260    1.2950
 2058    2.0550    1.6842    1.4330    1.2984
 2059    2.0865    1.6967    1.4345    1.2962
 2060    1.9901    1.5809    1.3076    1.1657
 2061    1.8579    1.4286    1.1440    0.9986
 2062    1.8943    1.4444    1.1486    0.9998
 2063    1.9889    1.5179    1.2106    1.0585
 2064    2.0537    1.5610    1.2422    1.0868
 2065    2.1156    1.6007    1.2702    1.1117
 2066    2.1824    1.6447    1.3025    1.1409
 2067    2.2492    1.6882    1.3342    1.1696
 2068    2.3112    1.7263    1.3605    1.1930
 2069    2.3658    1.7563    1.3786    1.2082
 2070    2.4186    1.7841    1.3944    1.2213
 2071    2.4682    1.8084    1.4065    1.2307
 2072    2.5068    1.8215    1.4075    1.2292
 2073    2.5404    1.8296    1.4034    1.2226
 2074    2.5721    1.8359    1.3974    1.2141
 2075    2.6050    1.8435    1.3927    1.2070
 2076    2.6455    1.8588    1.3956    1.2077
 2077    2.6915    1.8797    1.4041    1.2140
 2078    2.7406    1.9040    1.4159    1.2237
 2079    2.7855    1.9242    1.4236    1.2294
 2080    2.8270    1.9412    1.4281    1.2318
 2081    2.8626    1.9526    1.4268    1.2286
 2082    2.8937    1.9596    1.4212    1.2212
 2083    2.9220    1.9639    1.4129    1.2111
 2084    2.9484    1.9666    1.4029    1.1994
 2085    2.9730    1.9677    1.3913    1.1861
 2086    2.9998    1.9711    1.3820    1.1752
 2087    3.0347    1.9829    1.3810    1.1727
 2088    3.0756    2.0007    1.3860    1.1763
 2089    3.1198    2.0221    1.3946    1.1834
 2090    3.0320    1.9116    1.2713    1.0587
 2091    2.7917    1.6488    0.9956    0.7818
 2092    2.8096    1.6443    0.9782    0.7632
 2093    2.9370    1.7496    1.0706    0.8544
 2094    3.0451    1.8356    1.1437    0.9264
 2095    3.1227    1.8913    1.1865    0.9681
 2096    3.1799    1.9266    1.2089    0.9895
 2097    3.2326    1.9578    1.2272    1.0068
 2098    3.2812    1.9848    1.2413    1.0199
 2099    3.3301    2.0124    1.2560    1.0337
 2100    3.3876    2.0486    1.2792    1.0561
 2101    3.4551    2.0947    1.3145    1.0885
 2102    3.5060    2.1246    1.3331    1.1047
 2103    3.5431    2.1407    1.3374    1.1072
 2104    3.5746    2.1515    1.3359    1.1043
 2105    3.6005    2.1567    1.3290    1.0960
 2106    3.6236    2.1593    1.3192    1.0850
 2107    3.6444    2.1597    1.3073    1.0720
 2108    3.6702    2.1652    1.3004    1.0640
 2109    3.7023    2.1771    1.3001    1.0625
 2110    3.7435    2.1983    1.3089    1.0703
 2111    3.7846    2.2195    1.3177    1.0782
 2112    3.8249    2.2400    1.3258    1.0854
 2113    3.8608    2.2562    1.3297    1.0884
 2114    3.8910    2.2667    1.3280    1.0857
 2115    3.9177    2.2740    1.3229    1.0798
 2116    3.9423    2.2791    1.3159    1.0719
 2117    3.9653    2.2829    1.3074    1.0625
 2118    3.9868    2.2852    1.2976    1.0518
 2119    4.0109    2.2902    1.2905    1.0438
 2120    4.0431    2.3035    1.2917    1.0441
 2121    4.0815    2.3229    1.2991    1.0507
 2122    4.1234    2.3460    1.3102    1.0608
 2123    4.1613    2.3653    1.3175    1.0672
 2124    4.1962    2.3815    1.3218    1.0707
 2125    4.2258    2.3927    1.3210    1.0690
 2126    4.2515    2.3999    1.3163    1.0635
 2127    4.2748    2.4050    1.3095    1.0558
 2128    4.2966    2.4085    1.3013    1.0467
 2129    4.3169    2.4107    1.2917    1.0362
 2130    4.2320    2.3077    1.1770    0.9206
 2131    4.1101    2.1679    1.0254    0.7681
 2132    4.1170    2.1568    1.0027    0.7445
 2133    4.2014    2.2235    1.0577    0.7986
 2134    4.2868    2.2912    1.1138    0.8538
 2135    4.3141    2.3008    1.1119    0.8510
 2136    4.3112    2.2804    1.0798    0.8181
 2137    4.3596    2.3113    1.0992    0.8366
 2138    4.4357    2.3701    1.1465    0.8830
 2139    4.4920    2.4090    1.1739    0.9096
 2140    4.5377    2.4375    1.1910    0.9258
 2141    4.5823    2.4651    1.2071    0.9410
 2142    4.6270    2.4926    1.2233    0.9563
 2143    4.6722    2.5208    1.2401    0.9722
 2144    4.7182    2.5499    1.2579    0.9891
 2145    4.7611    2.5759    1.2726    1.0030
 2146    4.8009    2.5989    1.2844    1.0138
 2147    4.8321    2.6134    1.2876    1.0162
 2148    4.8572    2.6219    1.2849    1.0126
 2149    4.8798    2.6280    1.2798    1.0066
 2150    4.9007    2.6325    1.2731    0.9990
 2151    4.9202    2.6354    1.2649    0.9899
 2152    4.9418    2.6407    1.2591    0.9832
 2153    4.9718    2.6544    1.2616    0.9849
 2154    5.0076    2.6740    1.2702    0.9926
 2155    5.0471    2.6974    1.2825    1.0040
 2156    5.0825    2.7167    1.2909    1.0115
 2157    5.1148    2.7330    1.2961    1.0158
 2158    5.1418    2.7441    1.2962    1.0150
 2159    5.1650    2.7514    1.2925    1.0105
 2160    5.0612    2.6318    1.1620    0.8791
 2161    4.9216    2.4764    0.9958    0.7119
 2162    4.9503    2.4894    0.9979    0.7132
 2163    5.0404    2.5639    1.0614    0.7758
 2164    5.1059    2.6138    1.1006    0.8141
 2165    5.1655    2.6579    1.1339    0.8465
 2166    5.2268    2.7039    1.1690    0.8808
 2167    5.2802    2.7419    1.1963    0.9071
 2168    5.3288    2.7752    1.2188    0.9288
 2169    5.3671    2.7983    1.2312    0.9402
 2170    5.4047    2.8206    1.2428    0.9509
 2171    5.4404    2.8413    1.2527    0.9600
 2172    5.4660    2.8518    1.2526    0.9590
 2173    5.4867    2.8575    1.2476    0.9531
 2174    5.5093    2.8652    1.2447    0.9493
 2175    5.5394    2.8804    1.2493    0.9530
 2176    5.5748    2.9010    1.2593    0.9621
 2177    5.6134    2.9249    1.2726    0.9745
 2178    5.6477    2.9444    1.2816    0.9826
 2179    5.6788    2.9609    1.2875    0.9877
 2180    5.7046    2.9721    1.2882    0.9875
 2181    5.7264    2.9793    1.2850    0.9834
 2182    5.7460    2.9844    1.2795    0.9770
 2183    5.7639    2.9879    1.2725    0.9691
 2184    5.7803    2.9899    1.2642    0.9599
 2185    5.7991    2.9944    1.2582    0.9531
 2186    5.8263    3.0074    1.2607    0.9547
 2187    5.8595    3.0263    1.2693    0.9623
 2188    5.8963    3.0490    1.2816    0.9737
 2189    5.9291    3.0677    1.2900    0.9812
 2190    5.8307    2.9552    1.1671    0.8576
 2191    5.5784    2.6889    0.8905    0.5800
 2192    5.5859    2.6825    0.8738    0.5624
 2193    5.7049    2.7876    0.9686    0.6563
 2194    5.8054    2.8742    1.0449    0.7317
 2195    5.8759    2.9308    1.0912    0.7772
 2196    5.9297    2.9709    1.1211    0.8062
 2197    5.9855    3.0130    1.1530    0.8371
 2198    6.0347    3.0485    1.1783    0.8616
 2199    6.0822    3.0824    1.2020    0.8844
 2200    6.1305    3.1171    1.2266    0.9080
-------------------------------------------------
