GHG forcing annual growth rate (W/m2/yr)
IPCC AR3 & AR4     
----------------------------------------
Year   A1FI     B1      A1B     B1
----------------------------------------
1995  0.0368  0.0368  0.0368  0.0368
2005  0.0429  0.0396  0.0466  0.0448
2015  0.0520  0.0414  0.0533  0.0500
2025  0.0659  0.0377  0.0582  0.0574
2035  0.0810  0.0362  0.0594  0.0634
2045  0.0944  0.0331  0.0596  0.0645
2055  0.0940  0.0259  0.0524  0.0696
2065  0.0897  0.0185  0.0434  0.0747
2075  0.0842  0.0113  0.0365  0.0795
2085  0.0786  0.0050  0.0306  0.0847
2095  0.0700 -0.0014  0.0249  0.0892
----------------------------------------
