----------------------------------------------------
CO2 Emissions by Countries and Regions
----------------------------------------------------
                     Rest of   Middle S&Cntrl
Year   China   India Asia/Pc    East  America Africa
----------------------------------------------------
1900      .      3.6     1.2     0.0     1.1     0.6
1901      .      3.9     1.5     0.0     2.1     1.1
1902     0.0     4.3     1.4     0.0     2.4     1.6
1903     0.5     4.4     1.9     0.0     2.5     2.2
1904     0.6     4.9     2.1     0.0     2.8     2.4
1905     0.6     5.0     2.4     0.0     3.0     2.8
1906     4.7     5.8     2.6     0.0     3.9     3.2
1907     4.6     6.5     2.9     0.0     4.1     3.5
1908     6.2     7.4     3.0     0.0     5.1     3.7
1909     5.7     7.2     3.3     0.0     4.7     4.2
1910     5.1     7.0     3.6     0.0     5.9     4.8
1911     7.6     7.4     3.6     0.0     7.6     4.6
1912     2.7     8.5     3.4     0.1     7.9     4.9
1913     2.9     9.4     3.4     0.2     9.0     5.4
1914     4.1     9.5     3.8     0.3     7.5     5.3
1915     4.4     9.9     3.8     0.4     8.1     5.4
1916     4.9    10.0     4.3     0.5     8.5     6.3
1917     5.4    10.5     4.4     0.8    10.2     6.9
1918     5.7    11.8     4.4     0.9    11.6     6.7
1919     6.6    12.9     4.7     1.2    14.9     6.9
1920     7.3    10.4     4.9     1.5    25.1     7.7
1921     6.9    11.2     5.2     2.0    28.9     7.6
1922     7.3    11.0     5.5     2.5    28.3     6.5
1923     8.8    11.3     6.2     3.2    25.4     7.9
1924     9.6    12.1     6.8     3.7    25.6     8.4
1925     9.1    12.0     7.2     3.9    23.3     8.8
1926     8.1    12.0     7.4     4.1    23.3     9.4
1927     9.1    12.5     8.1     4.6    20.5     9.2
1928     9.3    12.1     9.9     4.9    23.9     9.5
1929     9.8    12.6    11.0     4.7    26.3     9.8
1930    10.4    12.8    10.7     5.2    26.3     9.2
1931    11.0    11.7     9.6     5.0    22.6     8.0
1932    10.5    10.9     9.1     5.6    23.2     7.3
1933    11.5    10.7     9.4     6.2    25.3     7.8
1934    13.4    11.9    10.0     7.2    28.5     8.9
1935    15.7    12.4    10.4     8.1    32.2     9.8
1936    17.8    12.2    11.4     9.1    33.0    10.6
1937    16.5    13.5    12.9    11.3    40.2    11.4
1938    15.1    15.2    13.3    11.3    40.5    12.0
1939    18.3    14.8    15.2    12.9    39.5    12.8
1940    23.5    15.7    15.5    10.9    37.9    13.6
1941    29.4    16.1    14.5     8.3    41.0    14.7
1942    31.1    16.1     7.4    11.6    31.9    16.1
1943    26.6    14.0    10.2    12.6    38.5    16.4
1944    26.7    14.3     6.6    16.6    44.8    18.2
1945    13.7    15.9     3.9    21.6    49.1    18.4
1946     8.5    15.7     3.7    28.9    70.0    18.6
1947     9.2    16.0     6.0    34.6    58.6    18.5
1948     6.5    16.0     8.8    27.5    61.7    19.6
1949    16.2    16.9    14.0    30.0    31.1    21.1
1950    21.5    18.2    13.0     2.1    44.3    25.9
1951    27.8    19.0    14.5     4.3    52.2    27.6
1952    35.0    20.1    17.4     3.5    54.5    30.1
1953    36.6    20.4    18.2     4.0    54.4    30.6
1954    44.0    21.5    20.8     5.4    59.3    32.1
1955    52.1    23.3    24.8    10.1    65.2    35.4
1956    59.0    24.1    26.6    12.4    70.7    36.9
1957    70.0    27.1    26.9    12.7    76.0    38.7
1958   143.4    28.3    30.1    14.5    74.5    40.6
1959   196.8    30.0    33.0    14.9    80.8    40.4
1960   212.9    32.9    36.0    20.3    81.6    42.8
1961   150.6    35.6    39.7    21.3    83.5    44.2
1962   120.1    39.1    43.2    24.2    88.6    45.4
1963   119.1    42.0    46.8    27.8    88.7    48.2
1964   119.2    41.1    51.1    32.6    95.7    52.9
1965   129.8    45.3    56.3    40.0    98.6    58.4
1966   142.6    46.8    61.7    46.0   103.4    60.4
1967   118.1    47.0    69.6    47.3   111.4    64.8
1968   127.9    51.1    77.7    55.0   118.4    70.3
1969   157.4    52.0    84.9    63.2   128.7    76.0
1970   210.4    53.2   100.7    66.7   142.1    82.8
1971   239.1    56.1   114.1    78.8   149.1    90.8
1972   254.0    59.4   116.1    84.5   156.2    96.2
1973   264.1    61.2   125.8   101.5   170.6   103.4
1974   269.4    63.3   127.3   105.1   179.9   106.2
1975   312.4    68.8   134.9   101.3   182.1   105.9
1976   326.2    71.9   147.2   119.4   193.7   114.9
1977   357.3    76.1   161.2   124.6   199.6   118.4
1978   398.7    77.2   171.6   126.4   214.1   126.5
1979   407.6    81.0   182.2   136.2   229.2   136.6
1980   400.1    85.6   187.3   131.9   240.4   146.8
1981   395.8    92.4   186.1   130.2   237.9   150.3
1982   430.9    95.3   191.8   131.6   244.4   156.7
1983   454.6   103.3   205.2   139.0   233.2   162.9
1984   494.9   105.8   213.0   145.5   237.3   177.9
1985   536.3   116.4   227.1   155.8   244.6   182.4
1986   564.2   124.8   239.0   164.9   250.1   188.9
1987   602.6   133.2   254.2   166.0   262.5   189.0
1988   646.2   143.9   283.3   180.1   268.9   198.7
1989   656.8   157.9   299.6   188.9   285.3   191.4
1990   671.0   168.9   320.0   197.4   274.1   181.8
1991   704.8   179.5   344.4   338.7   279.3   189.6
1992   735.2   190.6   370.1   227.1   283.9   190.1
1993   785.0   197.4   402.0   246.9   293.3   197.9
1994   834.0   208.5   421.3   261.9   306.2   199.6
1995   905.5   221.3   445.7   248.7   309.2   211.4
1996   944.4   240.6   477.0   246.0   323.3   217.7
1997   946.1   250.3   501.5   236.5   339.4   220.3
1998   906.6   255.3   414.8   258.2   358.0   229.5
1999   904.8   271.5   439.1   284.5   366.8   228.2
2000   928.6   281.4   474.2   312.8   363.2   243.7
2001   951.1   283.9   496.2   322.8   371.6   240.8
2002  1007.4   287.5   513.2   325.9   374.0   244.4
2003  1234.0   299.9   531.5   346.9   380.5   262.0
2004  1442.1   314.8   560.8   380.4   384.5   282.0
2005  1579.0   333.4   566.7   392.8   402.7   287.1
2006  1749.2   355.5   575.3   420.2   417.6   298.7
2007  1852.1   383.9   600.2   422.6   428.5   311.1
2008  1956.8   427.7   628.7   460.3   451.0   325.9
2009  2077.6   474.1   642.6   480.6   438.8   329.6
2010  2391.0   469.0   682.7   502.7   464.2   330.6
2011  2651.9   503.6   732.2   508.8   474.9   333.5
2012  2732.7   550.5   749.7   548.4   496.6   344.7
2013  2795.1   554.9   724.5   533.8   509.6   345.7
2014  2800.8   592.8   752.8   550.5   521.3   356.9
2015  2797.1   622.1   777.1   569.8   519.1   358.2
----------------------------------------------------
