GHG forcing annual growth rate (W/m2/yr)
with historical data
---------------------------------------
year  Total CO2+CH4+N2O CO2+CH4 CO2
---------------------------------------
1950  0.0128  0.0126  0.0118  0.0064
1951  0.0149  0.0147  0.0138  0.0078
1952  0.0157  0.0155  0.0147  0.0084
1953  0.0163  0.0161  0.0153  0.0086
1954  0.0175  0.0167  0.0158  0.0089
1955  0.0192  0.0176  0.0167  0.0094
1956  0.0203  0.0181  0.0173  0.0098
1957  0.0225  0.0195  0.0186  0.0109
1958  0.0245  0.0211  0.0201  0.0121
1959  0.0253  0.0217  0.0207  0.0125
1960  0.0259  0.0225  0.0215  0.0130
1961  0.0268  0.0232  0.0221  0.0134
1962  0.0259  0.0225  0.0214  0.0124
1963  0.0253  0.0217  0.0205  0.0113
1964  0.0284  0.0244  0.0231  0.0137
1965  0.0293  0.0247  0.0233  0.0138
1966  0.0304  0.0252  0.0237  0.0140
1967  0.0336  0.0278  0.0262  0.0162
1968  0.0367  0.0305  0.0289  0.0187
1969  0.0360  0.0290  0.0273  0.0170
1970  0.0383  0.0303  0.0285  0.0180
1971  0.0434  0.0348  0.0329  0.0223
1972  0.0428  0.0334  0.0314  0.0208
1973  0.0431  0.0329  0.0308  0.0202
1974  0.0424  0.0318  0.0296  0.0190
1975  0.0453  0.0347  0.0323  0.0217
1976  0.0447  0.0337  0.0313  0.0206
1977  0.0482  0.0368  0.0342  0.0236
1978  0.0500  0.0384  0.0361  0.0254
1979  0.0525  0.0411  0.0386  0.0275
1980  0.0493  0.0381  0.0353  0.0238
1981  0.0491  0.0381  0.0354  0.0237
1982  0.0487  0.0379  0.0351  0.0231
1983  0.0474  0.0368  0.0337  0.0223
1984  0.0476  0.0366  0.0333  0.0229
1985  0.0492  0.0376  0.0355  0.0261
1986  0.0512  0.0392  0.0371  0.0288
1987  0.0510  0.0386  0.0363  0.0290
1988  0.0503  0.0373  0.0348  0.0279
1989  0.0489  0.0363  0.0342  0.0275
1990  0.0454  0.0332  0.0304  0.0240
1991  0.0363  0.0259  0.0233  0.0181
1992  0.0326  0.0241  0.0220  0.0175
1993  0.0321  0.0255  0.0238  0.0196
1994  0.0310  0.0260  0.0241  0.0209
1995  0.0298  0.0265  0.0244  0.0221
1996  0.0370  0.0341  0.0317  0.0282
1997  0.0390  0.0364  0.0336  0.0300
1998  0.0362  0.0339  0.0307  0.0278
1999  0.0348  0.0327  0.0295  0.0271
2000  0.0372  0.0352  0.0321  0.0299
2001  0.0356  0.0337  0.0307  0.0293
2002  0.0334  0.0317  0.0290  0.0284
2003  0.0352  0.0335  0.0310  0.0309
2004  0.0370  0.0354  0.0328  0.0324
2005  0.0366  0.0350  0.0324  0.0314
2006  0.0357  0.0340  0.0312  0.0300
2007  0.0354  0.0336  0.0308  0.0289
2008  0.0371  0.0353  0.0324  0.0295
2009  0.0368  0.0350  0.0320  0.0286
2010  0.0374  0.0356  0.0325  0.0293
2011  0.0389  0.0372  0.0341  0.0310
2012  0.0408  0.0390  0.0356  0.0322
2013  0.0415  0.0398  0.0362  0.0320
2014  0.0462  0.0446  0.0412  0.0365
2015  0.0485  0.0468  0.0432  0.0374
---------------------------------------
