Global surface temperature (C)
relative to 1951-1980 means
Different versions of ERSST 
-------------------------------------
    year       v3b      v4     v4-v3b
-------------------------------------
  1880.500  -0.2275  -0.1983   0.0292
  1880.583  -0.2100  -0.1815   0.0285
  1880.667  -0.2020  -0.1757   0.0263
  1880.750  -0.1849  -0.1597   0.0252
  1880.833  -0.1625  -0.1394   0.0231
  1880.917  -0.1514  -0.1312   0.0202
  1881.000  -0.1539  -0.1310   0.0229
  1881.083  -0.1466  -0.1165   0.0301
  1881.167  -0.1417  -0.1120   0.0297
  1881.250  -0.1381  -0.1053   0.0328
  1881.333  -0.1409  -0.1080   0.0329
  1881.417  -0.1487  -0.1142   0.0345
  1881.500  -0.1446  -0.1093   0.0353
  1881.583  -0.1316  -0.0936   0.0380
  1881.667  -0.1138  -0.0750   0.0388
  1881.750  -0.1133  -0.0747   0.0386
  1881.833  -0.1299  -0.0886   0.0413
  1881.917  -0.1437  -0.0993   0.0444
  1882.000  -0.1483  -0.0964   0.0519
  1882.083  -0.1609  -0.0998   0.0611
  1882.167  -0.1636  -0.0950   0.0686
  1882.250  -0.1591  -0.0884   0.0707
  1882.333  -0.1602  -0.0908   0.0694
  1882.417  -0.1574  -0.0861   0.0713
  1882.500  -0.1724  -0.0937   0.0787
  1882.583  -0.2061  -0.1291   0.0770
  1882.667  -0.2410  -0.1711   0.0699
  1882.750  -0.2500  -0.1868   0.0632
  1882.833  -0.2475  -0.1904   0.0571
  1882.917  -0.2481  -0.1968   0.0513
  1883.000  -0.2278  -0.1858   0.0420
  1883.083  -0.2081  -0.1841   0.0240
  1883.167  -0.2116  -0.1976   0.0140
  1883.250  -0.2186  -0.2121   0.0065
  1883.333  -0.2134  -0.2029   0.0105
  1883.417  -0.2170  -0.2024   0.0146
  1883.500  -0.2036  -0.1967   0.0069
  1883.583  -0.1892  -0.1842   0.0050
  1883.667  -0.1705  -0.1587   0.0118
  1883.750  -0.1855  -0.1723   0.0132
  1883.833  -0.1987  -0.1821   0.0166
  1883.917  -0.2098  -0.1877   0.0221
  1884.000  -0.2343  -0.2094   0.0249
  1884.083  -0.2580  -0.2308   0.0272
  1884.167  -0.2668  -0.2415   0.0253
  1884.250  -0.2735  -0.2454   0.0281
  1884.333  -0.2787  -0.2542   0.0245
  1884.417  -0.2790  -0.2622   0.0168
  1884.500  -0.2833  -0.2711   0.0122
  1884.583  -0.3128  -0.3095   0.0033
  1884.667  -0.3239  -0.3243  -0.0004
  1884.750  -0.3135  -0.3153  -0.0018
  1884.833  -0.3133  -0.3216  -0.0083
  1884.917  -0.3134  -0.3293  -0.0159
  1885.000  -0.3150  -0.3395  -0.0245
  1885.083  -0.3109  -0.3347  -0.0238
  1885.167  -0.3098  -0.3358  -0.0260
  1885.250  -0.3001  -0.3322  -0.0321
  1885.333  -0.2905  -0.3295  -0.0390
  1885.417  -0.2771  -0.3230  -0.0459
  1885.500  -0.2544  -0.3034  -0.0490
  1885.583  -0.2391  -0.2846  -0.0455
  1885.667  -0.2508  -0.2980  -0.0472
  1885.750  -0.2634  -0.3129  -0.0495
  1885.833  -0.2524  -0.3011  -0.0487
  1885.917  -0.2414  -0.2894  -0.0480
  1886.000  -0.2332  -0.2802  -0.0470
  1886.083  -0.2205  -0.2700  -0.0495
  1886.167  -0.2171  -0.2735  -0.0564
  1886.250  -0.2130  -0.2738  -0.0608
  1886.333  -0.2201  -0.2791  -0.0590
  1886.417  -0.2320  -0.2825  -0.0505
  1886.500  -0.2474  -0.2990  -0.0516
  1886.583  -0.2651  -0.3191  -0.0540
  1886.667  -0.2652  -0.3218  -0.0566
  1886.750  -0.2580  -0.3137  -0.0557
  1886.833  -0.2673  -0.3205  -0.0532
  1886.917  -0.2735  -0.3258  -0.0523
  1887.000  -0.2691  -0.3104  -0.0413
  1887.083  -0.2742  -0.3128  -0.0386
  1887.167  -0.2809  -0.3095  -0.0286
  1887.250  -0.2905  -0.3101  -0.0196
  1887.333  -0.2999  -0.3160  -0.0161
  1887.417  -0.3007  -0.3160  -0.0153
  1887.500  -0.3199  -0.3269  -0.0070
  1887.583  -0.3067  -0.3081  -0.0014
  1887.667  -0.3052  -0.3035   0.0017
  1887.750  -0.3182  -0.3171   0.0011
  1887.833  -0.3110  -0.3099   0.0011
  1887.917  -0.3101  -0.3008   0.0093
  1888.000  -0.3093  -0.3013   0.0080
  1888.083  -0.3040  -0.2936   0.0104
  1888.167  -0.2927  -0.2804   0.0123
  1888.250  -0.2827  -0.2708   0.0119
  1888.333  -0.2589  -0.2432   0.0157
  1888.417  -0.2370  -0.2221   0.0149
  1888.500  -0.2132  -0.2007   0.0125
  1888.583  -0.1931  -0.1812   0.0119
  1888.667  -0.1466  -0.1339   0.0127
  1888.750  -0.1081  -0.0906   0.0175
  1888.833  -0.0822  -0.0632   0.0190
  1888.917  -0.0618  -0.0469   0.0149
  1889.000  -0.0517  -0.0395   0.0122
  1889.083  -0.0527  -0.0358   0.0169
  1889.167  -0.0573  -0.0413   0.0160
  1889.250  -0.0636  -0.0500   0.0136
  1889.333  -0.0781  -0.0694   0.0087
  1889.417  -0.1038  -0.0944   0.0094
  1889.500  -0.1186  -0.1093   0.0093
  1889.583  -0.1363  -0.1322   0.0041
  1889.667  -0.1796  -0.1833  -0.0037
  1889.750  -0.2156  -0.2211  -0.0055
  1889.833  -0.2493  -0.2561  -0.0068
  1889.917  -0.2848  -0.2934  -0.0086
  1890.000  -0.3004  -0.3065  -0.0061
  1890.083  -0.3110  -0.3265  -0.0155
  1890.167  -0.3225  -0.3417  -0.0192
  1890.250  -0.3327  -0.3562  -0.0235
  1890.333  -0.3322  -0.3565  -0.0243
  1890.417  -0.3427  -0.3621  -0.0194
  1890.500  -0.3431  -0.3623  -0.0192
  1890.583  -0.3443  -0.3610  -0.0167
  1890.667  -0.3530  -0.3621  -0.0091
  1890.750  -0.3379  -0.3404  -0.0025
  1890.833  -0.3326  -0.3304   0.0022
  1890.917  -0.3135  -0.3051   0.0084
  1891.000  -0.3106  -0.3004   0.0102
  1891.083  -0.3115  -0.2945   0.0170
  1891.167  -0.3021  -0.2822   0.0199
  1891.250  -0.2905  -0.2636   0.0269
  1891.333  -0.2962  -0.2645   0.0317
  1891.417  -0.2932  -0.2645   0.0287
  1891.500  -0.2783  -0.2403   0.0380
  1891.583  -0.2733  -0.2238   0.0495
  1891.667  -0.2463  -0.1959   0.0504
  1891.750  -0.2613  -0.2137   0.0476
  1891.833  -0.2707  -0.2215   0.0492
  1891.917  -0.2816  -0.2277   0.0539
  1892.000  -0.2864  -0.2257   0.0607
  1892.083  -0.2939  -0.2304   0.0635
  1892.167  -0.3000  -0.2293   0.0707
  1892.250  -0.3028  -0.2386   0.0642
  1892.333  -0.2943  -0.2324   0.0619
  1892.417  -0.3000  -0.2432   0.0568
  1892.500  -0.3263  -0.2666   0.0597
  1892.583  -0.3674  -0.3018   0.0656
  1892.667  -0.4046  -0.3322   0.0724
  1892.750  -0.3976  -0.3224   0.0752
  1892.833  -0.3951  -0.3207   0.0744
  1892.917  -0.4033  -0.3289   0.0744
  1893.000  -0.4058  -0.3321   0.0737
  1893.083  -0.3916  -0.3202   0.0714
  1893.167  -0.3917  -0.3232   0.0685
  1893.250  -0.3955  -0.3175   0.0780
  1893.333  -0.3999  -0.3178   0.0821
  1893.417  -0.3774  -0.2899   0.0875
  1893.500  -0.3719  -0.2966   0.0753
  1893.583  -0.3465  -0.2856   0.0609
  1893.667  -0.3249  -0.2695   0.0554
  1893.750  -0.3214  -0.2667   0.0547
  1893.833  -0.3299  -0.2742   0.0557
  1893.917  -0.3245  -0.2708   0.0537
  1894.000  -0.3300  -0.2877   0.0423
  1894.083  -0.3369  -0.3033   0.0336
  1894.167  -0.3309  -0.3070   0.0239
  1894.250  -0.3322  -0.3106   0.0216
  1894.333  -0.3328  -0.3108   0.0220
  1894.417  -0.3435  -0.3177   0.0258
  1894.500  -0.3347  -0.3052   0.0295
  1894.583  -0.3313  -0.2958   0.0355
  1894.667  -0.3444  -0.3046   0.0398
  1894.750  -0.3484  -0.3113   0.0371
  1894.833  -0.3298  -0.2952   0.0346
  1894.917  -0.3225  -0.2890   0.0335
  1895.000  -0.3104  -0.2731   0.0373
  1895.083  -0.3043  -0.2604   0.0439
  1895.167  -0.3016  -0.2501   0.0515
  1895.250  -0.2873  -0.2329   0.0544
  1895.333  -0.2790  -0.2275   0.0515
  1895.417  -0.2642  -0.2199   0.0443
  1895.500  -0.2588  -0.2115   0.0473
  1895.583  -0.2418  -0.1942   0.0476
  1895.667  -0.2168  -0.1715   0.0453
  1895.750  -0.2198  -0.1720   0.0478
  1895.833  -0.2320  -0.1803   0.0517
  1895.917  -0.2268  -0.1778   0.0490
  1896.000  -0.2185  -0.1687   0.0498
  1896.083  -0.2103  -0.1599   0.0504
  1896.167  -0.2026  -0.1549   0.0477
  1896.250  -0.2000  -0.1573   0.0427
  1896.333  -0.1856  -0.1455   0.0401
  1896.417  -0.1850  -0.1456   0.0394
  1896.500  -0.1788  -0.1456   0.0332
  1896.583  -0.1698  -0.1450   0.0248
  1896.667  -0.1701  -0.1483   0.0218
  1896.750  -0.1605  -0.1332   0.0273
  1896.833  -0.1376  -0.1072   0.0304
  1896.917  -0.1269  -0.0912   0.0357
  1897.000  -0.1307  -0.0902   0.0405
  1897.083  -0.1340  -0.0889   0.0451
  1897.167  -0.1411  -0.0837   0.0574
  1897.250  -0.1456  -0.0836   0.0620
  1897.333  -0.1616  -0.0944   0.0672
  1897.417  -0.1671  -0.0956   0.0715
  1897.500  -0.1774  -0.1066   0.0708
  1897.583  -0.1693  -0.0937   0.0756
  1897.667  -0.1823  -0.1053   0.0770
  1897.750  -0.2099  -0.1416   0.0683
  1897.833  -0.2299  -0.1679   0.0620
  1897.917  -0.2498  -0.1969   0.0529
  1898.000  -0.2512  -0.2037   0.0475
  1898.083  -0.2614  -0.2182   0.0432
  1898.167  -0.2668  -0.2346   0.0322
  1898.250  -0.2750  -0.2468   0.0282
  1898.333  -0.2903  -0.2659   0.0244
  1898.417  -0.3024  -0.2808   0.0216
  1898.500  -0.3018  -0.2778   0.0240
  1898.583  -0.3089  -0.2870   0.0219
  1898.667  -0.3115  -0.2921   0.0194
  1898.750  -0.2947  -0.2750   0.0197
  1898.833  -0.2815  -0.2648   0.0167
  1898.917  -0.2724  -0.2521   0.0203
  1899.000  -0.2816  -0.2564   0.0252
  1899.083  -0.2755  -0.2486   0.0269
  1899.167  -0.2646  -0.2327   0.0319
  1899.250  -0.2511  -0.2174   0.0337
  1899.333  -0.2270  -0.1903   0.0367
  1899.417  -0.1901  -0.1508   0.0393
  1899.500  -0.1940  -0.1548   0.0392
  1899.583  -0.2106  -0.1731   0.0375
  1899.667  -0.1811  -0.1468   0.0343
  1899.750  -0.1522  -0.1166   0.0356
  1899.833  -0.1498  -0.1119   0.0379
  1899.917  -0.1423  -0.0999   0.0424
  1900.000  -0.1310  -0.0910   0.0400
  1900.083  -0.1317  -0.0874   0.0443
  1900.167  -0.1336  -0.0872   0.0464
  1900.250  -0.1414  -0.0851   0.0563
  1900.333  -0.1414  -0.0786   0.0628
  1900.417  -0.1643  -0.0994   0.0649
  1900.500  -0.1513  -0.0890   0.0623
  1900.583  -0.1454  -0.0803   0.0651
  1900.667  -0.1484  -0.0780   0.0704
  1900.750  -0.1472  -0.0752   0.0720
  1900.833  -0.1413  -0.0672   0.0741
  1900.917  -0.1472  -0.0767   0.0705
  1901.000  -0.1456  -0.0727   0.0729
  1901.083  -0.1435  -0.0728   0.0707
  1901.167  -0.1507  -0.0803   0.0704
  1901.250  -0.1593  -0.0955   0.0638
  1901.333  -0.1845  -0.1269   0.0576
  1901.417  -0.1889  -0.1307   0.0582
  1901.500  -0.2051  -0.1440   0.0611
  1901.583  -0.1960  -0.1359   0.0601
  1901.667  -0.1922  -0.1341   0.0581
  1901.750  -0.2172  -0.1623   0.0549
  1901.833  -0.2342  -0.1809   0.0533
  1901.917  -0.2435  -0.1919   0.0516
  1902.000  -0.2581  -0.2118   0.0463
  1902.083  -0.2694  -0.2260   0.0434
  1902.167  -0.2768  -0.2385   0.0383
  1902.250  -0.2772  -0.2420   0.0352
  1902.333  -0.2751  -0.2400   0.0351
  1902.417  -0.2883  -0.2554   0.0329
  1902.500  -0.3001  -0.2687   0.0314
  1902.583  -0.3048  -0.2753   0.0295
  1902.667  -0.3036  -0.2778   0.0258
  1902.750  -0.2970  -0.2727   0.0243
  1902.833  -0.3050  -0.2828   0.0222
  1902.917  -0.3117  -0.2919   0.0198
  1903.000  -0.3215  -0.3004   0.0211
  1903.083  -0.3266  -0.3036   0.0230
  1903.167  -0.3379  -0.3172   0.0207
  1903.250  -0.3537  -0.3352   0.0185
  1903.333  -0.3658  -0.3476   0.0182
  1903.417  -0.3687  -0.3505   0.0182
  1903.500  -0.3737  -0.3518   0.0219
  1903.583  -0.4071  -0.3823   0.0248
  1903.667  -0.4524  -0.4229   0.0295
  1903.750  -0.4717  -0.4423   0.0294
  1903.833  -0.4809  -0.4511   0.0298
  1903.917  -0.4872  -0.4586   0.0286
  1904.000  -0.4868  -0.4627   0.0241
  1904.083  -0.4951  -0.4779   0.0172
  1904.167  -0.4935  -0.4777   0.0158
  1904.250  -0.4948  -0.4814   0.0134
  1904.333  -0.4859  -0.4758   0.0101
  1904.417  -0.4638  -0.4571   0.0067
  1904.500  -0.4415  -0.4417  -0.0002
  1904.583  -0.4136  -0.4196  -0.0060
  1904.667  -0.4179  -0.4231  -0.0052
  1904.750  -0.4043  -0.4049  -0.0006
  1904.833  -0.3901  -0.3927  -0.0026
  1904.917  -0.3745  -0.3783  -0.0038
  1905.000  -0.3606  -0.3631  -0.0025
  1905.083  -0.3466  -0.3433   0.0033
  1905.167  -0.3327  -0.3242   0.0085
  1905.250  -0.3108  -0.2972   0.0136
  1905.333  -0.3024  -0.2869   0.0155
  1905.417  -0.2960  -0.2799   0.0161
  1905.500  -0.2931  -0.2729   0.0202
  1905.583  -0.2908  -0.2668   0.0240
  1905.667  -0.2667  -0.2454   0.0213
  1905.750  -0.2577  -0.2371   0.0206
  1905.833  -0.2353  -0.2090   0.0263
  1905.917  -0.2296  -0.1983   0.0313
  1906.000  -0.2256  -0.1900   0.0356
  1906.083  -0.2272  -0.1914   0.0358
  1906.167  -0.2252  -0.1897   0.0355
  1906.250  -0.2329  -0.1981   0.0348
  1906.333  -0.2328  -0.1955   0.0373
  1906.417  -0.2625  -0.2204   0.0421
  1906.500  -0.2599  -0.2179   0.0420
  1906.583  -0.2725  -0.2290   0.0435
  1906.667  -0.2900  -0.2448   0.0452
  1906.750  -0.3031  -0.2531   0.0500
  1906.833  -0.3343  -0.2850   0.0493
  1906.917  -0.3562  -0.3065   0.0497
  1907.000  -0.3720  -0.3248   0.0472
  1907.083  -0.3771  -0.3321   0.0450
  1907.167  -0.3861  -0.3472   0.0389
  1907.250  -0.3878  -0.3532   0.0346
  1907.333  -0.3875  -0.3572   0.0303
  1907.417  -0.3932  -0.3684   0.0248
  1907.500  -0.4193  -0.3950   0.0243
  1907.583  -0.4185  -0.3967   0.0218
  1907.667  -0.4033  -0.3829   0.0204
  1907.750  -0.4234  -0.4108   0.0126
  1907.833  -0.4237  -0.4157   0.0080
  1907.917  -0.4135  -0.4107   0.0028
  1908.000  -0.4097  -0.4072   0.0025
  1908.083  -0.4124  -0.4072   0.0052
  1908.167  -0.4205  -0.4144   0.0061
  1908.250  -0.4216  -0.4152   0.0064
  1908.333  -0.4356  -0.4306   0.0050
  1908.417  -0.4330  -0.4299   0.0031
  1908.500  -0.4310  -0.4299   0.0011
  1908.583  -0.4508  -0.4505   0.0003
  1908.667  -0.4606  -0.4600   0.0006
  1908.750  -0.4568  -0.4553   0.0015
  1908.833  -0.4675  -0.4660   0.0015
  1908.917  -0.4824  -0.4774   0.0050
  1909.000  -0.4920  -0.4885   0.0035
  1909.083  -0.4929  -0.4954  -0.0025
  1909.167  -0.4814  -0.4827  -0.0013
  1909.250  -0.4840  -0.4867  -0.0027
  1909.333  -0.4819  -0.4833  -0.0014
  1909.417  -0.4683  -0.4680   0.0003
  1909.500  -0.4749  -0.4720   0.0029
  1909.583  -0.4566  -0.4506   0.0060
  1909.667  -0.4549  -0.4477   0.0072
  1909.750  -0.4525  -0.4440   0.0085
  1909.833  -0.4432  -0.4276   0.0156
  1909.917  -0.4337  -0.4111   0.0226
  1910.000  -0.4262  -0.3981   0.0281
  1910.083  -0.4215  -0.3884   0.0331
  1910.167  -0.4269  -0.3916   0.0353
  1910.250  -0.4286  -0.3911   0.0375
  1910.333  -0.4307  -0.3911   0.0396
  1910.417  -0.4498  -0.4114   0.0384
  1910.500  -0.4590  -0.4239   0.0351
  1910.583  -0.4747  -0.4401   0.0346
  1910.667  -0.4871  -0.4541   0.0330
  1910.750  -0.4997  -0.4667   0.0330
  1910.833  -0.5067  -0.4799   0.0268
  1910.917  -0.5124  -0.4949   0.0175
  1911.000  -0.5166  -0.5038   0.0128
  1911.083  -0.5192  -0.5119   0.0073
  1911.167  -0.5225  -0.5197   0.0028
  1911.250  -0.5223  -0.5210   0.0013
  1911.333  -0.5086  -0.5101  -0.0015
  1911.417  -0.4800  -0.4797   0.0003
  1911.500  -0.4452  -0.4428   0.0024
  1911.583  -0.4165  -0.4129   0.0036
  1911.667  -0.3828  -0.3748   0.0080
  1911.750  -0.3640  -0.3534   0.0106
  1911.833  -0.3417  -0.3246   0.0171
  1911.917  -0.3222  -0.2977   0.0245
  1912.000  -0.3088  -0.2797   0.0291
  1912.083  -0.3161  -0.2791   0.0370
  1912.167  -0.3307  -0.2861   0.0446
  1912.250  -0.3433  -0.2934   0.0499
  1912.333  -0.3721  -0.3181   0.0540
  1912.417  -0.3900  -0.3331   0.0569
  1912.500  -0.4077  -0.3462   0.0615
  1912.583  -0.4219  -0.3569   0.0650
  1912.667  -0.4449  -0.3810   0.0639
  1912.750  -0.4475  -0.3862   0.0613
  1912.833  -0.4576  -0.3991   0.0585
  1912.917  -0.4748  -0.4202   0.0546
  1913.000  -0.4881  -0.4368   0.0513
  1913.083  -0.4793  -0.4318   0.0475
  1913.167  -0.4608  -0.4155   0.0453
  1913.250  -0.4483  -0.4031   0.0452
  1913.333  -0.4301  -0.3853   0.0448
  1913.417  -0.4133  -0.3686   0.0447
  1913.500  -0.3812  -0.3370   0.0442
  1913.583  -0.3452  -0.3022   0.0430
  1913.667  -0.3224  -0.2778   0.0446
  1913.750  -0.3077  -0.2610   0.0467
  1913.833  -0.3008  -0.2533   0.0475
  1913.917  -0.2820  -0.2320   0.0500
  1914.000  -0.2665  -0.2125   0.0540
  1914.083  -0.2629  -0.2037   0.0592
  1914.167  -0.2522  -0.1892   0.0630
  1914.250  -0.2390  -0.1734   0.0656
  1914.333  -0.2158  -0.1493   0.0665
  1914.417  -0.2159  -0.1517   0.0642
  1914.500  -0.2226  -0.1578   0.0648
  1914.583  -0.2409  -0.1753   0.0656
  1914.667  -0.2325  -0.1649   0.0676
  1914.750  -0.2235  -0.1533   0.0702
  1914.833  -0.2009  -0.1251   0.0758
  1914.917  -0.1924  -0.1106   0.0818
  1915.000  -0.1848  -0.1046   0.0802
  1915.083  -0.1667  -0.0869   0.0798
  1915.167  -0.1643  -0.0871   0.0772
  1915.250  -0.1610  -0.0860   0.0750
  1915.333  -0.1726  -0.1000   0.0726
  1915.417  -0.1632  -0.0936   0.0696
  1915.500  -0.1675  -0.1065   0.0610
  1915.583  -0.1631  -0.1074   0.0557
  1915.667  -0.1755  -0.1246   0.0509
  1915.750  -0.1899  -0.1426   0.0473
  1915.833  -0.2128  -0.1699   0.0429
  1915.917  -0.2279  -0.1904   0.0375
  1916.000  -0.2503  -0.2141   0.0362
  1916.083  -0.2705  -0.2397   0.0308
  1916.167  -0.2827  -0.2493   0.0334
  1916.250  -0.2973  -0.2634   0.0339
  1916.333  -0.3021  -0.2684   0.0337
  1916.417  -0.3253  -0.2931   0.0322
  1916.500  -0.3711  -0.3374   0.0337
  1916.583  -0.3919  -0.3590   0.0329
  1916.667  -0.4182  -0.3864   0.0318
  1916.750  -0.4347  -0.4019   0.0328
  1916.833  -0.4468  -0.4138   0.0330
  1916.917  -0.4678  -0.4320   0.0358
  1917.000  -0.4664  -0.4289   0.0375
  1917.083  -0.4593  -0.4200   0.0393
  1917.167  -0.4558  -0.4197   0.0361
  1917.250  -0.4496  -0.4112   0.0384
  1917.333  -0.4608  -0.4178   0.0430
  1917.417  -0.4537  -0.4060   0.0477
  1917.500  -0.4501  -0.3993   0.0508
  1917.583  -0.4490  -0.3964   0.0526
  1917.667  -0.4316  -0.3773   0.0543
  1917.750  -0.4087  -0.3532   0.0555
  1917.833  -0.4075  -0.3529   0.0546
  1917.917  -0.3933  -0.3435   0.0498
  1918.000  -0.3847  -0.3339   0.0508
  1918.083  -0.3872  -0.3316   0.0556
  1918.167  -0.3893  -0.3317   0.0576
  1918.250  -0.3839  -0.3280   0.0559
  1918.333  -0.3553  -0.3009   0.0544
  1918.417  -0.3461  -0.2897   0.0564
  1918.500  -0.3189  -0.2544   0.0645
  1918.583  -0.3063  -0.2344   0.0719
  1918.667  -0.3028  -0.2254   0.0774
  1918.750  -0.3071  -0.2304   0.0767
  1918.833  -0.2902  -0.2131   0.0771
  1918.917  -0.2840  -0.1985   0.0855
  1919.000  -0.2844  -0.1980   0.0864
  1919.083  -0.2843  -0.1990   0.0853
  1919.167  -0.2787  -0.1933   0.0854
  1919.250  -0.2802  -0.1962   0.0840
  1919.333  -0.2896  -0.2062   0.0834
  1919.417  -0.3060  -0.2185   0.0875
  1919.500  -0.3051  -0.2239   0.0812
  1919.583  -0.2950  -0.2202   0.0748
  1919.667  -0.2897  -0.2217   0.0680
  1919.750  -0.2704  -0.2050   0.0654
  1919.833  -0.2703  -0.2111   0.0592
  1919.917  -0.2622  -0.2155   0.0467
  1920.000  -0.2575  -0.2198   0.0377
  1920.083  -0.2555  -0.2285   0.0270
  1920.167  -0.2571  -0.2362   0.0209
  1920.250  -0.2631  -0.2377   0.0254
  1920.333  -0.2770  -0.2483   0.0287
  1920.417  -0.2753  -0.2506   0.0247
  1920.500  -0.2851  -0.2602   0.0249
  1920.583  -0.2778  -0.2510   0.0268
  1920.667  -0.2760  -0.2492   0.0268
  1920.750  -0.2895  -0.2667   0.0228
  1920.833  -0.2923  -0.2747   0.0176
  1920.917  -0.2951  -0.2836   0.0115
  1921.000  -0.2905  -0.2820   0.0085
  1921.083  -0.2801  -0.2686   0.0115
  1921.167  -0.2786  -0.2640   0.0146
  1921.250  -0.2711  -0.2619   0.0092
  1921.333  -0.2526  -0.2438   0.0088
  1921.417  -0.2406  -0.2303   0.0103
  1921.500  -0.2179  -0.2066   0.0113
  1921.583  -0.2408  -0.2305   0.0103
  1921.667  -0.2601  -0.2479   0.0122
  1921.750  -0.2570  -0.2357   0.0213
  1921.833  -0.2552  -0.2236   0.0316
  1921.917  -0.2603  -0.2222   0.0381
  1922.000  -0.2686  -0.2236   0.0450
  1922.083  -0.2801  -0.2321   0.0480
  1922.167  -0.2855  -0.2383   0.0472
  1922.250  -0.2947  -0.2480   0.0467
  1922.333  -0.3099  -0.2694   0.0405
  1922.417  -0.3065  -0.2685   0.0380
  1922.500  -0.3063  -0.2677   0.0386
  1922.583  -0.3006  -0.2629   0.0377
  1922.667  -0.2930  -0.2583   0.0347
  1922.750  -0.3019  -0.2732   0.0287
  1922.833  -0.3125  -0.2869   0.0256
  1922.917  -0.3134  -0.2858   0.0276
  1923.000  -0.3080  -0.2780   0.0300
  1923.083  -0.3124  -0.2804   0.0320
  1923.167  -0.3112  -0.2785   0.0327
  1923.250  -0.3085  -0.2772   0.0313
  1923.333  -0.2922  -0.2601   0.0321
  1923.417  -0.2784  -0.2438   0.0346
  1923.500  -0.2642  -0.2333   0.0309
  1923.583  -0.2586  -0.2298   0.0288
  1923.667  -0.2475  -0.2209   0.0266
  1923.750  -0.2294  -0.2056   0.0238
  1923.833  -0.2238  -0.2027   0.0211
  1923.917  -0.2124  -0.1907   0.0217
  1924.000  -0.2117  -0.1943   0.0174
  1924.083  -0.2054  -0.1926   0.0128
  1924.167  -0.2041  -0.1976   0.0065
  1924.250  -0.2028  -0.2006   0.0022
  1924.333  -0.2157  -0.2199  -0.0042
  1924.417  -0.2262  -0.2421  -0.0159
  1924.500  -0.2508  -0.2724  -0.0216
  1924.583  -0.2594  -0.2804  -0.0210
  1924.667  -0.2687  -0.2860  -0.0173
  1924.750  -0.2816  -0.2940  -0.0124
  1924.833  -0.2731  -0.2855  -0.0124
  1924.917  -0.2815  -0.2952  -0.0137
  1925.000  -0.2882  -0.3001  -0.0119
  1925.083  -0.2903  -0.3023  -0.0120
  1925.167  -0.2803  -0.2881  -0.0078
  1925.250  -0.2707  -0.2733  -0.0026
  1925.333  -0.2629  -0.2588   0.0041
  1925.417  -0.2508  -0.2368   0.0140
  1925.500  -0.2161  -0.1943   0.0218
  1925.583  -0.1766  -0.1506   0.0260
  1925.667  -0.1437  -0.1171   0.0266
  1925.750  -0.1136  -0.0883   0.0253
  1925.833  -0.1045  -0.0803   0.0242
  1925.917  -0.0975  -0.0757   0.0218
  1926.000  -0.0883  -0.0688   0.0195
  1926.083  -0.0820  -0.0612   0.0208
  1926.167  -0.0783  -0.0550   0.0233
  1926.250  -0.0735  -0.0532   0.0203
  1926.333  -0.0653  -0.0482   0.0171
  1926.417  -0.0691  -0.0570   0.0121
  1926.500  -0.0950  -0.0902   0.0048
  1926.583  -0.1272  -0.1301  -0.0029
  1926.667  -0.1456  -0.1523  -0.0067
  1926.750  -0.1841  -0.1942  -0.0101
  1926.833  -0.1989  -0.2081  -0.0092
  1926.917  -0.1959  -0.2081  -0.0122
  1927.000  -0.1965  -0.2100  -0.0135
  1927.083  -0.1918  -0.2046  -0.0128
  1927.167  -0.1977  -0.2118  -0.0141
  1927.250  -0.1960  -0.2076  -0.0116
  1927.333  -0.1858  -0.1989  -0.0131
  1927.417  -0.1838  -0.1963  -0.0125
  1927.500  -0.1892  -0.2017  -0.0125
  1927.583  -0.1688  -0.1815  -0.0127
  1927.667  -0.1606  -0.1754  -0.0148
  1927.750  -0.1521  -0.1675  -0.0154
  1927.833  -0.1481  -0.1651  -0.0170
  1927.917  -0.1538  -0.1695  -0.0157
  1928.000  -0.1615  -0.1811  -0.0196
  1928.083  -0.1624  -0.1871  -0.0247
  1928.167  -0.1629  -0.1924  -0.0295
  1928.250  -0.1691  -0.2042  -0.0351
  1928.333  -0.1829  -0.2191  -0.0362
  1928.417  -0.1845  -0.2245  -0.0400
  1928.500  -0.1694  -0.2114  -0.0420
  1928.583  -0.2037  -0.2482  -0.0445
  1928.667  -0.2423  -0.2868  -0.0445
  1928.750  -0.2471  -0.2923  -0.0452
  1928.833  -0.2575  -0.3032  -0.0457
  1928.917  -0.2633  -0.3108  -0.0475
  1929.000  -0.2672  -0.3128  -0.0456
  1929.083  -0.2807  -0.3226  -0.0419
  1929.167  -0.2853  -0.3259  -0.0406
  1929.250  -0.2882  -0.3285  -0.0403
  1929.333  -0.2842  -0.3253  -0.0411
  1929.417  -0.2883  -0.3293  -0.0410
  1929.500  -0.3169  -0.3567  -0.0398
  1929.583  -0.3016  -0.3410  -0.0394
  1929.667  -0.2747  -0.3117  -0.0370
  1929.750  -0.2534  -0.2908  -0.0374
  1929.833  -0.2403  -0.2766  -0.0363
  1929.917  -0.2304  -0.2646  -0.0342
  1930.000  -0.2137  -0.2431  -0.0294
  1930.083  -0.1997  -0.2293  -0.0296
  1930.167  -0.1865  -0.2135  -0.0270
  1930.250  -0.1782  -0.2030  -0.0248
  1930.333  -0.1773  -0.1976  -0.0203
  1930.417  -0.1563  -0.1733  -0.0170
  1930.500  -0.1179  -0.1353  -0.0174
  1930.583  -0.1041  -0.1197  -0.0156
  1930.667  -0.1030  -0.1175  -0.0145
  1930.750  -0.1053  -0.1148  -0.0095
  1930.833  -0.1012  -0.1109  -0.0097
  1930.917  -0.0995  -0.1091  -0.0096
  1931.000  -0.0919  -0.0992  -0.0073
  1931.083  -0.0811  -0.0853  -0.0042
  1931.167  -0.0730  -0.0771  -0.0041
  1931.250  -0.0693  -0.0738  -0.0045
  1931.333  -0.0601  -0.0673  -0.0072
  1931.417  -0.0789  -0.0884  -0.0095
  1931.500  -0.0809  -0.0898  -0.0089
  1931.583  -0.0641  -0.0702  -0.0061
  1931.667  -0.0606  -0.0677  -0.0071
  1931.750  -0.0664  -0.0784  -0.0120
  1931.833  -0.0543  -0.0681  -0.0138
  1931.917  -0.0510  -0.0678  -0.0168
  1932.000  -0.0643  -0.0871  -0.0228
  1932.083  -0.0776  -0.1072  -0.0296
  1932.167  -0.0920  -0.1269  -0.0349
  1932.250  -0.0909  -0.1316  -0.0407
  1932.333  -0.0934  -0.1392  -0.0458
  1932.417  -0.1039  -0.1523  -0.0484
  1932.500  -0.1151  -0.1632  -0.0481
  1932.583  -0.1498  -0.2006  -0.0508
  1932.667  -0.1598  -0.2114  -0.0516
  1932.750  -0.1680  -0.2186  -0.0506
  1932.833  -0.1846  -0.2319  -0.0473
  1932.917  -0.1919  -0.2344  -0.0425
  1933.000  -0.1956  -0.2370  -0.0414
  1933.083  -0.1948  -0.2343  -0.0395
  1933.167  -0.1956  -0.2337  -0.0381
  1933.250  -0.2114  -0.2458  -0.0344
  1933.333  -0.2261  -0.2574  -0.0313
  1933.417  -0.2318  -0.2619  -0.0301
  1933.500  -0.2510  -0.2819  -0.0309
  1933.583  -0.2442  -0.2770  -0.0328
  1933.667  -0.2210  -0.2547  -0.0337
  1933.750  -0.2246  -0.2554  -0.0308
  1933.833  -0.2296  -0.2585  -0.0289
  1933.917  -0.2148  -0.2466  -0.0318
  1934.000  -0.1983  -0.2311  -0.0328
  1934.083  -0.1863  -0.2237  -0.0374
  1934.167  -0.1762  -0.2127  -0.0365
  1934.250  -0.1690  -0.2033  -0.0343
  1934.333  -0.1576  -0.1924  -0.0348
  1934.417  -0.1296  -0.1662  -0.0366
  1934.500  -0.0950  -0.1345  -0.0395
  1934.583  -0.1044  -0.1445  -0.0401
  1934.667  -0.0901  -0.1319  -0.0418
  1934.750  -0.0741  -0.1191  -0.0450
  1934.833  -0.0779  -0.1258  -0.0479
  1934.917  -0.0931  -0.1385  -0.0454
  1935.000  -0.1005  -0.1460  -0.0455
  1935.083  -0.1088  -0.1526  -0.0438
  1935.167  -0.1147  -0.1582  -0.0435
  1935.250  -0.1133  -0.1599  -0.0466
  1935.333  -0.1117  -0.1574  -0.0457
  1935.417  -0.1379  -0.1803  -0.0424
  1935.500  -0.1532  -0.1907  -0.0375
  1935.583  -0.1476  -0.1834  -0.0358
  1935.667  -0.1899  -0.2258  -0.0359
  1935.750  -0.1995  -0.2350  -0.0355
  1935.833  -0.1865  -0.2227  -0.0362
  1935.917  -0.1757  -0.2142  -0.0385
  1936.000  -0.1711  -0.2110  -0.0399
  1936.083  -0.1584  -0.2000  -0.0416
  1936.167  -0.1509  -0.1959  -0.0450
  1936.250  -0.1428  -0.1861  -0.0433
  1936.333  -0.1409  -0.1819  -0.0410
  1936.417  -0.1212  -0.1619  -0.0407
  1936.500  -0.1048  -0.1464  -0.0416
  1936.583  -0.0886  -0.1289  -0.0403
  1936.667  -0.0505  -0.0909  -0.0404
  1936.750  -0.0432  -0.0843  -0.0411
  1936.833  -0.0382  -0.0811  -0.0429
  1936.917  -0.0291  -0.0730  -0.0439
  1937.000  -0.0174  -0.0634  -0.0460
  1937.083  -0.0179  -0.0624  -0.0445
  1937.167  -0.0076  -0.0500  -0.0424
  1937.250   0.0075  -0.0340  -0.0415
  1937.333   0.0189  -0.0237  -0.0426
  1937.417   0.0316  -0.0118  -0.0434
  1937.500   0.0268  -0.0181  -0.0449
  1937.583   0.0380  -0.0100  -0.0480
  1937.667   0.0314  -0.0175  -0.0489
  1937.750   0.0544   0.0017  -0.0527
  1937.833   0.0718   0.0195  -0.0523
  1937.917   0.0714   0.0184  -0.0530
  1938.000   0.0639   0.0103  -0.0536
  1938.083   0.0651   0.0071  -0.0580
  1938.167   0.0618   0.0007  -0.0611
  1938.250   0.0580  -0.0078  -0.0658
  1938.333   0.0625  -0.0055  -0.0680
  1938.417   0.0608  -0.0118  -0.0726
  1938.500   0.0523  -0.0231  -0.0754
  1938.583   0.0435  -0.0347  -0.0782
  1938.667   0.0381  -0.0417  -0.0798
  1938.750   0.0126  -0.0633  -0.0759
  1938.833  -0.0024  -0.0777  -0.0753
  1938.917  -0.0012  -0.0772  -0.0760
  1939.000   0.0025  -0.0696  -0.0721
  1939.083  -0.0019  -0.0669  -0.0650
  1939.167  -0.0068  -0.0669  -0.0601
  1939.250  -0.0174  -0.0697  -0.0523
  1939.333  -0.0330  -0.0821  -0.0491
  1939.417  -0.0387  -0.0792  -0.0405
  1939.500   0.0064  -0.0261  -0.0325
  1939.583  -0.0038  -0.0275  -0.0237
  1939.667   0.0047  -0.0137  -0.0184
  1939.750   0.0251   0.0122  -0.0129
  1939.833   0.0437   0.0357  -0.0080
  1939.917   0.0495   0.0468  -0.0027
  1940.000   0.0562   0.0579   0.0017
  1940.083   0.0658   0.0711   0.0053
  1940.167   0.0678   0.0756   0.0078
  1940.250   0.0773   0.0853   0.0080
  1940.333   0.0827   0.0939   0.0112
  1940.417   0.0860   0.0995   0.0135
  1940.500   0.0641   0.0820   0.0179
  1940.583   0.0785   0.1033   0.0248
  1940.667   0.0867   0.1173   0.0306
  1940.750   0.0775   0.1120   0.0345
  1940.833   0.0719   0.1074   0.0355
  1940.917   0.0742   0.1100   0.0358
  1941.000   0.0755   0.1087   0.0332
  1941.083   0.0799   0.1126   0.0327
  1941.167   0.0847   0.1237   0.0390
  1941.250   0.0702   0.1158   0.0456
  1941.333   0.0794   0.1301   0.0507
  1941.417   0.0766   0.1299   0.0533
  1941.500   0.0717   0.1257   0.0540
  1941.583   0.0895   0.1393   0.0498
  1941.667   0.0751   0.1254   0.0503
  1941.750   0.0812   0.1301   0.0489
  1941.833   0.0797   0.1323   0.0526
  1941.917   0.0777   0.1359   0.0582
  1942.000   0.0744   0.1414   0.0670
  1942.083   0.0616   0.1300   0.0684
  1942.167   0.0548   0.1155   0.0607
  1942.250   0.0586   0.1132   0.0546
  1942.333   0.0439   0.0980   0.0541
  1942.417   0.0429   0.0984   0.0555
  1942.500   0.0415   0.0969   0.0554
  1942.583   0.0092   0.0733   0.0641
  1942.667   0.0161   0.0869   0.0708
  1942.750   0.0050   0.0793   0.0743
  1942.833   0.0055   0.0801   0.0746
  1942.917   0.0031   0.0771   0.0740
  1943.000  -0.0047   0.0684   0.0731
  1943.083   0.0021   0.0788   0.0767
  1943.167   0.0052   0.0837   0.0785
  1943.250   0.0122   0.0936   0.0814
  1943.333   0.0308   0.1133   0.0825
  1943.417   0.0398   0.1240   0.0842
  1943.500   0.0509   0.1369   0.0860
  1943.583   0.0867   0.1720   0.0853
  1943.667   0.0947   0.1801   0.0854
  1943.750   0.1155   0.2072   0.0917
  1943.833   0.1178   0.2176   0.0998
  1943.917   0.1249   0.2310   0.1061
  1944.000   0.1403   0.2499   0.1096
  1944.083   0.1447   0.2568   0.1121
  1944.167   0.1526   0.2732   0.1206
  1944.250   0.1652   0.2896   0.1244
  1944.333   0.1617   0.2874   0.1257
  1944.417   0.1535   0.2768   0.1233
  1944.500   0.1350   0.2594   0.1244
  1944.583   0.1106   0.2365   0.1259
  1944.667   0.0868   0.2139   0.1271
  1944.750   0.0715   0.1942   0.1227
  1944.833   0.0704   0.1921   0.1217
  1944.917   0.0561   0.1789   0.1228
  1945.000   0.0397   0.1623   0.1226
  1945.083   0.0261   0.1497   0.1236
  1945.167   0.0314   0.1522   0.1208
  1945.250   0.0217   0.1444   0.1227
  1945.333   0.0153   0.1400   0.1247
  1945.417   0.0107   0.1372   0.1265
  1945.500  -0.0005   0.1235   0.1240
  1945.583   0.0095   0.1241   0.1146
  1945.667   0.0225   0.1249   0.1024
  1945.750   0.0202   0.1159   0.0957
  1945.833   0.0151   0.1049   0.0898
  1945.917   0.0093   0.0930   0.0837
  1946.000   0.0010   0.0765   0.0755
  1946.083  -0.0040   0.0627   0.0667
  1946.167  -0.0292   0.0340   0.0632
  1946.250  -0.0439   0.0138   0.0577
  1946.333  -0.0628  -0.0097   0.0531
  1946.417  -0.0675  -0.0195   0.0480
  1946.500  -0.0815  -0.0353   0.0462
  1946.583  -0.1031  -0.0561   0.0470
  1946.667  -0.1171  -0.0653   0.0518
  1946.750  -0.1121  -0.0611   0.0510
  1946.833  -0.1128  -0.0668   0.0460
  1946.917  -0.1099  -0.0692   0.0407
  1947.000  -0.1001  -0.0558   0.0443
  1947.083  -0.0989  -0.0538   0.0451
  1947.167  -0.0948  -0.0537   0.0411
  1947.250  -0.0986  -0.0635   0.0351
  1947.333  -0.0816  -0.0536   0.0280
  1947.417  -0.0733  -0.0524   0.0209
  1947.500  -0.0548  -0.0425   0.0123
  1947.583  -0.0345  -0.0299   0.0046
  1947.667  -0.0357  -0.0354   0.0003
  1947.750  -0.0551  -0.0591  -0.0040
  1947.833  -0.0648  -0.0704  -0.0056
  1947.917  -0.0567  -0.0594  -0.0027
  1948.000  -0.0577  -0.0638  -0.0061
  1948.083  -0.0605  -0.0695  -0.0090
  1948.167  -0.0648  -0.0710  -0.0062
  1948.250  -0.0665  -0.0690  -0.0025
  1948.333  -0.0816  -0.0796   0.0020
  1948.417  -0.0977  -0.0866   0.0111
  1948.500  -0.1055  -0.0910   0.0145
  1948.583  -0.1059  -0.0876   0.0183
  1948.667  -0.1098  -0.0905   0.0193
  1948.750  -0.0962  -0.0720   0.0242
  1948.833  -0.0980  -0.0702   0.0278
  1948.917  -0.1081  -0.0830   0.0251
  1949.000  -0.1211  -0.0978   0.0233
  1949.083  -0.1245  -0.0981   0.0264
  1949.167  -0.1209  -0.0963   0.0246
  1949.250  -0.1193  -0.0941   0.0252
  1949.333  -0.1164  -0.0911   0.0253
  1949.417  -0.1112  -0.0903   0.0209
  1949.500  -0.1096  -0.0859   0.0237
  1949.583  -0.1438  -0.1169   0.0269
  1949.667  -0.1534  -0.1258   0.0276
  1949.750  -0.1545  -0.1311   0.0234
  1949.833  -0.1607  -0.1420   0.0187
  1949.917  -0.1614  -0.1446   0.0168
  1950.000  -0.1499  -0.1303   0.0196
  1950.083  -0.1484  -0.1270   0.0214
  1950.167  -0.1569  -0.1351   0.0218
  1950.250  -0.1556  -0.1364   0.0192
  1950.333  -0.1643  -0.1499   0.0144
  1950.417  -0.1855  -0.1723   0.0132
  1950.500  -0.1861  -0.1750   0.0111
  1950.583  -0.1891  -0.1805   0.0086
  1950.667  -0.2012  -0.1946   0.0066
  1950.750  -0.2137  -0.2049   0.0088
  1950.833  -0.2059  -0.1964   0.0095
  1950.917  -0.1945  -0.1888   0.0057
  1951.000  -0.1889  -0.1877   0.0012
  1951.083  -0.1741  -0.1793  -0.0052
  1951.167  -0.1511  -0.1598  -0.0087
  1951.250  -0.1348  -0.1449  -0.0101
  1951.333  -0.1137  -0.1228  -0.0091
  1951.417  -0.0890  -0.0948  -0.0058
  1951.500  -0.0635  -0.0654  -0.0019
  1951.583  -0.0246  -0.0232   0.0014
  1951.667   0.0204   0.0236   0.0032
  1951.750   0.0294   0.0322   0.0028
  1951.833   0.0408   0.0416   0.0008
  1951.917   0.0384   0.0389   0.0005
  1952.000   0.0388   0.0397   0.0009
  1952.083   0.0420   0.0433   0.0013
  1952.167   0.0400   0.0447   0.0047
  1952.250   0.0388   0.0453   0.0065
  1952.333   0.0305   0.0365   0.0060
  1952.417   0.0215   0.0241   0.0026
  1952.500   0.0102   0.0088  -0.0014
  1952.583   0.0082   0.0023  -0.0059
  1952.667   0.0150   0.0053  -0.0097
  1952.750   0.0336   0.0223  -0.0113
  1952.833   0.0455   0.0372  -0.0083
  1952.917   0.0531   0.0492  -0.0039
  1953.000   0.0593   0.0589  -0.0004
  1953.083   0.0533   0.0565   0.0032
  1953.167   0.0558   0.0574   0.0016
  1953.250   0.0553   0.0555   0.0002
  1953.333   0.0634   0.0624  -0.0010
  1953.417   0.0737   0.0721  -0.0016
  1953.500   0.0803   0.0776  -0.0027
  1953.583   0.0522   0.0479  -0.0043
  1953.667   0.0277   0.0262  -0.0015
  1953.750   0.0061   0.0069   0.0008
  1953.833  -0.0220  -0.0236  -0.0016
  1953.917  -0.0448  -0.0473  -0.0025
  1954.000  -0.0616  -0.0662  -0.0046
  1954.083  -0.0753  -0.0817  -0.0064
  1954.167  -0.0934  -0.0994  -0.0060
  1954.250  -0.1042  -0.1100  -0.0058
  1954.333  -0.1116  -0.1146  -0.0030
  1954.417  -0.1019  -0.1036  -0.0017
  1954.500  -0.1198  -0.1206  -0.0008
  1954.583  -0.0871  -0.0883  -0.0012
  1954.667  -0.0922  -0.0978  -0.0056
  1954.750  -0.1076  -0.1171  -0.0095
  1954.833  -0.1101  -0.1210  -0.0109
  1954.917  -0.1113  -0.1214  -0.0101
  1955.000  -0.1075  -0.1143  -0.0068
  1955.083  -0.0999  -0.1068  -0.0069
  1955.167  -0.0814  -0.0909  -0.0095
  1955.250  -0.0837  -0.0964  -0.0127
  1955.333  -0.0853  -0.1000  -0.0147
  1955.417  -0.1137  -0.1302  -0.0165
  1955.500  -0.1270  -0.1436  -0.0166
  1955.583  -0.1536  -0.1662  -0.0126
  1955.667  -0.1590  -0.1687  -0.0097
  1955.750  -0.1475  -0.1573  -0.0098
  1955.833  -0.1531  -0.1619  -0.0088
  1955.917  -0.1577  -0.1684  -0.0107
  1956.000  -0.1601  -0.1746  -0.0145
  1956.083  -0.1619  -0.1782  -0.0163
  1956.167  -0.1905  -0.2051  -0.0146
  1956.250  -0.1957  -0.2099  -0.0142
  1956.333  -0.2117  -0.2259  -0.0142
  1956.417  -0.2027  -0.2156  -0.0129
  1956.500  -0.1844  -0.1965  -0.0121
  1956.583  -0.1808  -0.1945  -0.0137
  1956.667  -0.1676  -0.1795  -0.0119
  1956.750  -0.1597  -0.1672  -0.0075
  1956.833  -0.1399  -0.1463  -0.0064
  1956.917  -0.1140  -0.1167  -0.0027
  1957.000  -0.0913  -0.0917  -0.0004
  1957.083  -0.0839  -0.0812   0.0027
  1957.167  -0.0487  -0.0474   0.0013
  1957.250  -0.0281  -0.0251   0.0030
  1957.333  -0.0089  -0.0048   0.0041
  1957.417   0.0085   0.0133   0.0048
  1957.500   0.0303   0.0344   0.0041
  1957.583   0.0715   0.0764   0.0049
  1957.667   0.0974   0.1007   0.0033
  1957.750   0.1125   0.1133   0.0008
  1957.833   0.1154   0.1172   0.0018
  1957.917   0.1162   0.1173   0.0011
  1958.000   0.0949   0.0993   0.0044
  1958.083   0.0965   0.1019   0.0054
  1958.167   0.0772   0.0850   0.0078
  1958.250   0.0640   0.0755   0.0115
  1958.333   0.0648   0.0775   0.0127
  1958.417   0.0610   0.0735   0.0125
  1958.500   0.0463   0.0604   0.0141
  1958.583   0.0213   0.0341   0.0128
  1958.667   0.0073   0.0228   0.0155
  1958.750   0.0141   0.0324   0.0183
  1958.833   0.0235   0.0442   0.0207
  1958.917   0.0211   0.0427   0.0216
  1959.000   0.0319   0.0494   0.0175
  1959.083   0.0368   0.0515   0.0147
  1959.167   0.0426   0.0558   0.0132
  1959.250   0.0447   0.0549   0.0102
  1959.333   0.0358   0.0451   0.0093
  1959.417   0.0280   0.0364   0.0084
  1959.500   0.0294   0.0342   0.0048
  1959.583   0.0202   0.0277   0.0075
  1959.667   0.0242   0.0310   0.0068
  1959.750  -0.0203  -0.0154   0.0049
  1959.833  -0.0448  -0.0421   0.0027
  1959.917  -0.0566  -0.0541   0.0025
  1960.000  -0.0599  -0.0555   0.0044
  1960.083  -0.0689  -0.0628   0.0061
  1960.167  -0.0691  -0.0619   0.0072
  1960.250  -0.0612  -0.0544   0.0068
  1960.333  -0.0479  -0.0406   0.0073
  1960.417  -0.0514  -0.0430   0.0084
  1960.500  -0.0383  -0.0257   0.0126
  1960.583  -0.0306  -0.0184   0.0122
  1960.667  -0.0254  -0.0138   0.0116
  1960.750   0.0116   0.0240   0.0124
  1960.833   0.0357   0.0503   0.0146
  1960.917   0.0558   0.0686   0.0128
  1961.000   0.0675   0.0773   0.0098
  1961.083   0.0722   0.0764   0.0042
  1961.167   0.0766   0.0765  -0.0001
  1961.250   0.0774   0.0778   0.0004
  1961.333   0.0718   0.0707  -0.0011
  1961.417   0.0845   0.0827  -0.0018
  1961.500   0.0579   0.0547  -0.0032
  1961.583   0.0592   0.0549  -0.0043
  1961.667   0.0559   0.0508  -0.0051
  1961.750   0.0579   0.0520  -0.0059
  1961.833   0.0528   0.0434  -0.0094
  1961.917   0.0378   0.0269  -0.0109
  1962.000   0.0305   0.0212  -0.0093
  1962.083   0.0313   0.0218  -0.0095
  1962.167   0.0280   0.0192  -0.0088
  1962.250   0.0213   0.0124  -0.0089
  1962.333   0.0206   0.0101  -0.0105
  1962.417   0.0246   0.0123  -0.0123
  1962.500   0.0374   0.0235  -0.0139
  1962.583   0.0306   0.0150  -0.0156
  1962.667   0.0351   0.0188  -0.0163
  1962.750   0.0139  -0.0027  -0.0166
  1962.833   0.0031  -0.0114  -0.0145
  1962.917   0.0029  -0.0143  -0.0172
  1963.000   0.0049  -0.0158  -0.0207
  1963.083   0.0135  -0.0069  -0.0204
  1963.167   0.0343   0.0153  -0.0190
  1963.250   0.0530   0.0339  -0.0191
  1963.333   0.0676   0.0491  -0.0185
  1963.417   0.0756   0.0573  -0.0183
  1963.500   0.0760   0.0581  -0.0179
  1963.583   0.0706   0.0549  -0.0157
  1963.667   0.0448   0.0300  -0.0148
  1963.750   0.0379   0.0221  -0.0158
  1963.833   0.0180   0.0014  -0.0166
  1963.917   0.0029  -0.0116  -0.0145
  1964.000  -0.0049  -0.0196  -0.0147
  1964.083  -0.0198  -0.0326  -0.0128
  1964.167  -0.0603  -0.0706  -0.0103
  1964.250  -0.1015  -0.1104  -0.0089
  1964.333  -0.1398  -0.1478  -0.0080
  1964.417  -0.1694  -0.1774  -0.0080
  1964.500  -0.1926  -0.2015  -0.0089
  1964.583  -0.1912  -0.2026  -0.0114
  1964.667  -0.1961  -0.2080  -0.0119
  1964.750  -0.1857  -0.1981  -0.0124
  1964.833  -0.1761  -0.1891  -0.0130
  1964.917  -0.1677  -0.1807  -0.0130
  1965.000  -0.1741  -0.1827  -0.0086
  1965.083  -0.1796  -0.1852  -0.0056
  1965.167  -0.1633  -0.1676  -0.0043
  1965.250  -0.1522  -0.1556  -0.0034
  1965.333  -0.1314  -0.1333  -0.0019
  1965.417  -0.1209  -0.1209   0.0000
  1965.500  -0.1019  -0.1011   0.0008
  1965.583  -0.1107  -0.1082   0.0025
  1965.667  -0.0963  -0.0941   0.0022
  1965.750  -0.0810  -0.0798   0.0012
  1965.833  -0.0752  -0.0745   0.0007
  1965.917  -0.0733  -0.0706   0.0027
  1966.000  -0.0629  -0.0607   0.0022
  1966.083  -0.0462  -0.0449   0.0013
  1966.167  -0.0492  -0.0533  -0.0041
  1966.250  -0.0367  -0.0436  -0.0069
  1966.333  -0.0435  -0.0529  -0.0094
  1966.417  -0.0392  -0.0500  -0.0108
  1966.500  -0.0387  -0.0497  -0.0110
  1966.583  -0.0293  -0.0416  -0.0123
  1966.667  -0.0443  -0.0565  -0.0122
  1966.750  -0.0448  -0.0575  -0.0127
  1966.833  -0.0375  -0.0515  -0.0140
  1966.917  -0.0162  -0.0322  -0.0160
  1967.000  -0.0229  -0.0407  -0.0178
  1967.083  -0.0287  -0.0485  -0.0198
  1967.167  -0.0211  -0.0376  -0.0165
  1967.250  -0.0249  -0.0398  -0.0149
  1967.333  -0.0075  -0.0219  -0.0144
  1967.417  -0.0119  -0.0251  -0.0132
  1967.500  -0.0086  -0.0224  -0.0138
  1967.583  -0.0215  -0.0353  -0.0138
  1967.667  -0.0164  -0.0312  -0.0148
  1967.750  -0.0006  -0.0166  -0.0160
  1967.833  -0.0002  -0.0160  -0.0158
  1967.917  -0.0214  -0.0350  -0.0136
  1968.000  -0.0190  -0.0334  -0.0144
  1968.083  -0.0252  -0.0412  -0.0160
  1968.167  -0.0329  -0.0520  -0.0191
  1968.250  -0.0428  -0.0639  -0.0211
  1968.333  -0.0405  -0.0602  -0.0197
  1968.417  -0.0396  -0.0589  -0.0193
  1968.500  -0.0503  -0.0691  -0.0188
  1968.583  -0.0425  -0.0595  -0.0170
  1968.667  -0.0450  -0.0599  -0.0149
  1968.750  -0.0662  -0.0772  -0.0110
  1968.833  -0.0510  -0.0576  -0.0066
  1968.917  -0.0289  -0.0328  -0.0039
  1969.000  -0.0214  -0.0238  -0.0024
  1969.083  -0.0174  -0.0166   0.0008
  1969.167  -0.0096  -0.0053   0.0043
  1969.250   0.0120   0.0188   0.0068
  1969.333   0.0133   0.0179   0.0046
  1969.417   0.0295   0.0317   0.0022
  1969.500   0.0645   0.0666   0.0021
  1969.583   0.0820   0.0843   0.0023
  1969.667   0.1143   0.1155   0.0012
  1969.750   0.1210   0.1215   0.0005
  1969.833   0.1160   0.1143  -0.0017
  1969.917   0.1007   0.0938  -0.0069
  1970.000   0.0974   0.0879  -0.0095
  1970.083   0.0989   0.0859  -0.0130
  1970.167   0.0897   0.0743  -0.0154
  1970.250   0.0917   0.0753  -0.0164
  1970.333   0.0845   0.0702  -0.0143
  1970.417   0.0738   0.0615  -0.0123
  1970.500   0.0404   0.0275  -0.0129
  1970.583   0.0317   0.0169  -0.0148
  1970.667  -0.0033  -0.0196  -0.0163
  1970.750  -0.0240  -0.0418  -0.0178
  1970.833  -0.0389  -0.0587  -0.0198
  1970.917  -0.0395  -0.0598  -0.0203
  1971.000  -0.0537  -0.0728  -0.0191
  1971.083  -0.0612  -0.0798  -0.0186
  1971.167  -0.0537  -0.0728  -0.0191
  1971.250  -0.0607  -0.0820  -0.0213
  1971.333  -0.0660  -0.0902  -0.0242
  1971.417  -0.0691  -0.0948  -0.0257
  1971.500  -0.0634  -0.0902  -0.0268
  1971.583  -0.0829  -0.1087  -0.0258
  1971.667  -0.0816  -0.1052  -0.0236
  1971.750  -0.0651  -0.0876  -0.0225
  1971.833  -0.0589  -0.0796  -0.0207
  1971.917  -0.0551  -0.0754  -0.0203
  1972.000  -0.0337  -0.0569  -0.0232
  1972.083  -0.0227  -0.0447  -0.0220
  1972.167  -0.0076  -0.0277  -0.0201
  1972.250  -0.0078  -0.0247  -0.0169
  1972.333   0.0013  -0.0135  -0.0148
  1972.417   0.0052  -0.0085  -0.0137
  1972.500   0.0257   0.0134  -0.0123
  1972.583   0.0690   0.0571  -0.0119
  1972.667   0.1085   0.0964  -0.0121
  1972.750   0.1282   0.1162  -0.0120
  1972.833   0.1505   0.1386  -0.0119
  1972.917   0.1699   0.1610  -0.0089
  1973.000   0.1770   0.1704  -0.0066
  1973.083   0.1817   0.1759  -0.0058
  1973.167   0.1695   0.1625  -0.0070
  1973.250   0.1748   0.1644  -0.0104
  1973.333   0.1793   0.1679  -0.0114
  1973.417   0.1819   0.1709  -0.0110
  1973.500   0.1610   0.1501  -0.0109
  1973.583   0.1257   0.1155  -0.0102
  1973.667   0.0777   0.0668  -0.0109
  1973.750   0.0514   0.0407  -0.0107
  1973.833   0.0210   0.0107  -0.0103
  1973.917  -0.0002  -0.0112  -0.0110
  1974.000  -0.0198  -0.0287  -0.0089
  1974.083  -0.0308  -0.0390  -0.0082
  1974.167  -0.0249  -0.0313  -0.0064
  1974.250  -0.0413  -0.0476  -0.0063
  1974.333  -0.0581  -0.0638  -0.0057
  1974.417  -0.0680  -0.0743  -0.0063
  1974.500  -0.0705  -0.0773  -0.0068
  1974.583  -0.0518  -0.0592  -0.0074
  1974.667  -0.0239  -0.0305  -0.0066
  1974.750  -0.0085  -0.0145  -0.0060
  1974.833   0.0035  -0.0016  -0.0051
  1974.917   0.0171   0.0124  -0.0047
  1975.000   0.0236   0.0162  -0.0074
  1975.083   0.0264   0.0169  -0.0095
  1975.167   0.0008  -0.0096  -0.0104
  1975.250   0.0074  -0.0008  -0.0082
  1975.333   0.0041  -0.0026  -0.0067
  1975.417  -0.0041  -0.0099  -0.0058
  1975.500  -0.0122  -0.0160  -0.0038
  1975.583  -0.0211  -0.0234  -0.0023
  1975.667  -0.0340  -0.0346  -0.0006
  1975.750  -0.0644  -0.0642   0.0002
  1975.833  -0.0756  -0.0764  -0.0008
  1975.917  -0.1062  -0.1087  -0.0025
  1976.000  -0.1196  -0.1207  -0.0011
  1976.083  -0.1278  -0.1281  -0.0003
  1976.167  -0.1243  -0.1249  -0.0006
  1976.250  -0.1300  -0.1307  -0.0007
  1976.333  -0.1453  -0.1448   0.0005
  1976.417  -0.1386  -0.1363   0.0023
  1976.500  -0.1203  -0.1152   0.0051
  1976.583  -0.1082  -0.1000   0.0082
  1976.667  -0.0885  -0.0773   0.0112
  1976.750  -0.0523  -0.0386   0.0137
  1976.833  -0.0256  -0.0087   0.0169
  1976.917   0.0152   0.0353   0.0201
  1977.000   0.0479   0.0687   0.0208
  1977.083   0.0729   0.0977   0.0248
  1977.167   0.0993   0.1279   0.0286
  1977.250   0.1050   0.1375   0.0325
  1977.333   0.1286   0.1635   0.0349
  1977.417   0.1481   0.1847   0.0366
  1977.500   0.1474   0.1821   0.0347
  1977.583   0.1416   0.1740   0.0324
  1977.667   0.1371   0.1673   0.0302
  1977.750   0.1342   0.1637   0.0295
  1977.833   0.1239   0.1532   0.0293
  1977.917   0.1030   0.1331   0.0301
  1978.000   0.0802   0.1103   0.0301
  1978.083   0.0661   0.0962   0.0301
  1978.167   0.0379   0.0647   0.0268
  1978.250   0.0444   0.0675   0.0231
  1978.333   0.0443   0.0644   0.0201
  1978.417   0.0422   0.0619   0.0197
  1978.500   0.0448   0.0665   0.0217
  1978.583   0.0485   0.0719   0.0234
  1978.667   0.0302   0.0553   0.0251
  1978.750   0.0270   0.0528   0.0258
  1978.833   0.0239   0.0507   0.0268
  1978.917   0.0224   0.0499   0.0275
  1979.000   0.0316   0.0632   0.0316
  1979.083   0.0260   0.0596   0.0336
  1979.167   0.0477   0.0865   0.0388
  1979.250   0.0606   0.1039   0.0433
  1979.333   0.0769   0.1243   0.0474
  1979.417   0.0847   0.1341   0.0494
  1979.500   0.1144   0.1647   0.0503
  1979.583   0.1262   0.1777   0.0515
  1979.667   0.1665   0.2190   0.0525
  1979.750   0.1753   0.2280   0.0527
  1979.833   0.1936   0.2453   0.0517
  1979.917   0.2174   0.2693   0.0519
  1980.000   0.2209   0.2718   0.0509
  1980.083   0.2435   0.2940   0.0505
  1980.167   0.2551   0.3038   0.0487
  1980.250   0.2527   0.3001   0.0474
  1980.333   0.2482   0.2947   0.0465
  1980.417   0.2484   0.2946   0.0462
  1980.500   0.2255   0.2716   0.0461
  1980.583   0.2479   0.2928   0.0449
  1980.667   0.2482   0.2919   0.0437
  1980.750   0.2650   0.3085   0.0435
  1980.833   0.2636   0.3077   0.0441
  1980.917   0.2555   0.2987   0.0432
  1981.000   0.2666   0.3106   0.0440
  1981.083   0.2705   0.3152   0.0447
  1981.167   0.2767   0.3217   0.0450
  1981.250   0.2725   0.3179   0.0454
  1981.333   0.2682   0.3136   0.0454
  1981.417   0.2632   0.3079   0.0447
  1981.500   0.2807   0.3242   0.0435
  1981.583   0.2419   0.2852   0.0433
  1981.667   0.2207   0.2636   0.0429
  1981.750   0.1777   0.2210   0.0433
  1981.833   0.1584   0.2022   0.0438
  1981.917   0.1505   0.1951   0.0446
  1982.000   0.1301   0.1734   0.0433
  1982.083   0.1149   0.1553   0.0404
  1982.167   0.0948   0.1346   0.0398
  1982.250   0.0918   0.1335   0.0417
  1982.333   0.0908   0.1326   0.0418
  1982.417   0.0835   0.1250   0.0415
  1982.500   0.0853   0.1275   0.0422
  1982.583   0.1213   0.1639   0.0426
  1982.667   0.1412   0.1850   0.0438
  1982.750   0.1786   0.2222   0.0436
  1982.833   0.1981   0.2402   0.0421
  1982.917   0.2178   0.2577   0.0399
  1983.000   0.2305   0.2688   0.0383
  1983.083   0.2335   0.2712   0.0377
  1983.167   0.2510   0.2892   0.0382
  1983.250   0.2726   0.3080   0.0354
  1983.333   0.2764   0.3104   0.0340
  1983.417   0.2929   0.3255   0.0326
  1983.500   0.2722   0.3040   0.0318
  1983.583   0.2541   0.2861   0.0320
  1983.667   0.2349   0.2673   0.0324
  1983.750   0.2235   0.2561   0.0326
  1983.833   0.2060   0.2387   0.0327
  1983.917   0.2039   0.2370   0.0331
  1984.000   0.1927   0.2265   0.0338
  1984.083   0.1918   0.2263   0.0345
  1984.167   0.1803   0.2137   0.0334
  1984.250   0.1628   0.1977   0.0349
  1984.333   0.1624   0.1974   0.0350
  1984.417   0.1397   0.1749   0.0352
  1984.500   0.1223   0.1559   0.0336
  1984.583   0.1163   0.1478   0.0315
  1984.667   0.0981   0.1279   0.0298
  1984.750   0.0883   0.1177   0.0294
  1984.833   0.0882   0.1184   0.0302
  1984.917   0.0734   0.1049   0.0315
  1985.000   0.0819   0.1135   0.0316
  1985.083   0.0662   0.0996   0.0334
  1985.167   0.0638   0.0986   0.0348
  1985.250   0.0607   0.0951   0.0344
  1985.333   0.0567   0.0917   0.0350
  1985.417   0.0605   0.0965   0.0360
  1985.500   0.0756   0.1144   0.0388
  1985.583   0.0801   0.1214   0.0413
  1985.667   0.1159   0.1586   0.0427
  1985.750   0.1257   0.1689   0.0432
  1985.833   0.1385   0.1812   0.0427
  1985.917   0.1465   0.1884   0.0419
  1986.000   0.1428   0.1853   0.0425
  1986.083   0.1555   0.1972   0.0417
  1986.167   0.1540   0.1951   0.0411
  1986.250   0.1431   0.1839   0.0408
  1986.333   0.1451   0.1862   0.0411
  1986.417   0.1452   0.1873   0.0421
  1986.500   0.1450   0.1870   0.0420
  1986.583   0.1502   0.1919   0.0417
  1986.667   0.1563   0.1981   0.0418
  1986.750   0.1456   0.1878   0.0422
  1986.833   0.1441   0.1870   0.0429
  1986.917   0.1428   0.1864   0.0436
  1987.000   0.1620   0.2060   0.0440
  1987.083   0.1887   0.2336   0.0449
  1987.167   0.2010   0.2471   0.0461
  1987.250   0.2309   0.2780   0.0471
  1987.333   0.2445   0.2926   0.0481
  1987.417   0.2558   0.3039   0.0481
  1987.500   0.2827   0.3306   0.0479
  1987.583   0.3006   0.3484   0.0478
  1987.667   0.2971   0.3450   0.0479
  1987.750   0.3239   0.3715   0.0476
  1987.833   0.3400   0.3877   0.0477
  1987.917   0.3551   0.4031   0.0480
  1988.000   0.3603   0.4084   0.0481
  1988.083   0.3517   0.3989   0.0472
  1988.167   0.3672   0.4134   0.0462
  1988.250   0.3703   0.4151   0.0448
  1988.333   0.3781   0.4204   0.0423
  1988.417   0.3681   0.4098   0.0417
  1988.500   0.3568   0.3987   0.0419
  1988.583   0.3234   0.3648   0.0414
  1988.667   0.3188   0.3589   0.0401
  1988.750   0.3085   0.3484   0.0399
  1988.833   0.2994   0.3396   0.0402
  1988.917   0.2762   0.3168   0.0406
  1989.000   0.2528   0.2937   0.0409
  1989.083   0.2520   0.2923   0.0403
  1989.167   0.2445   0.2837   0.0392
  1989.250   0.2403   0.2801   0.0398
  1989.333   0.2353   0.2758   0.0405
  1989.417   0.2414   0.2824   0.0410
  1989.500   0.2442   0.2846   0.0404
  1989.583   0.2637   0.3044   0.0407
  1989.667   0.2679   0.3093   0.0414
  1989.750   0.3013   0.3424   0.0411
  1989.833   0.3194   0.3598   0.0404
  1989.917   0.3444   0.3843   0.0399
  1990.000   0.3632   0.4034   0.0402
  1990.083   0.3705   0.4119   0.0414
  1990.167   0.3658   0.4073   0.0415
  1990.250   0.3610   0.4017   0.0407
  1990.333   0.3674   0.4094   0.0420
  1990.417   0.3887   0.4305   0.0418
  1990.500   0.3931   0.4343   0.0412
  1990.583   0.3957   0.4360   0.0403
  1990.667   0.4044   0.4443   0.0399
  1990.750   0.3712   0.4106   0.0394
  1990.833   0.3684   0.4085   0.0401
  1990.917   0.3617   0.4026   0.0409
  1991.000   0.3756   0.4165   0.0409
  1991.083   0.3824   0.4229   0.0405
  1991.167   0.3906   0.4330   0.0424
  1991.250   0.4051   0.4493   0.0442
  1991.333   0.3970   0.4402   0.0432
  1991.417   0.3863   0.4280   0.0417
  1991.500   0.3797   0.4210   0.0413
  1991.583   0.3825   0.4236   0.0411
  1991.667   0.3761   0.4168   0.0407
  1991.750   0.3859   0.4262   0.0403
  1991.833   0.3631   0.4023   0.0392
  1991.917   0.3590   0.3966   0.0376
  1992.000   0.3345   0.3714   0.0369
  1992.083   0.3041   0.3398   0.0357
  1992.167   0.2789   0.3131   0.0342
  1992.250   0.2401   0.2719   0.0318
  1992.333   0.2218   0.2536   0.0318
  1992.417   0.1989   0.2314   0.0325
  1992.500   0.1898   0.2221   0.0323
  1992.583   0.1838   0.2156   0.0318
  1992.667   0.1822   0.2124   0.0302
  1992.750   0.1735   0.2033   0.0298
  1992.833   0.1757   0.2062   0.0305
  1992.917   0.1704   0.2013   0.0309
  1993.000   0.1701   0.2013   0.0312
  1993.083   0.1826   0.2134   0.0308
  1993.167   0.1868   0.2169   0.0301
  1993.250   0.1948   0.2260   0.0312
  1993.333   0.2067   0.2370   0.0303
  1993.417   0.2106   0.2397   0.0291
  1993.500   0.2086   0.2374   0.0288
  1993.583   0.2021   0.2318   0.0297
  1993.667   0.1704   0.2025   0.0321
  1993.750   0.1628   0.1945   0.0317
  1993.833   0.1760   0.2059   0.0299
  1993.917   0.1777   0.2075   0.0298
  1994.000   0.1916   0.2224   0.0308
  1994.083   0.1938   0.2254   0.0316
  1994.167   0.2002   0.2325   0.0323
  1994.250   0.2174   0.2496   0.0322
  1994.333   0.2343   0.2658   0.0315
  1994.417   0.2659   0.2977   0.0318
  1994.500   0.2812   0.3121   0.0309
  1994.583   0.2995   0.3290   0.0295
  1994.667   0.3637   0.3911   0.0274
  1994.750   0.3792   0.4069   0.0277
  1994.833   0.3838   0.4114   0.0276
  1994.917   0.3851   0.4115   0.0264
  1995.000   0.3902   0.4140   0.0238
  1995.083   0.4055   0.4283   0.0228
  1995.167   0.4274   0.4503   0.0229
  1995.250   0.4304   0.4529   0.0225
  1995.333   0.4358   0.4585   0.0227
  1995.417   0.4350   0.4576   0.0226
  1995.500   0.4293   0.4521   0.0228
  1995.583   0.4090   0.4323   0.0233
  1995.667   0.3842   0.4081   0.0239
  1995.750   0.3753   0.3992   0.0239
  1995.833   0.3674   0.3913   0.0239
  1995.917   0.3682   0.3916   0.0234
  1996.000   0.3526   0.3763   0.0237
  1996.083   0.3431   0.3656   0.0225
  1996.167   0.3439   0.3655   0.0216
  1996.250   0.3388   0.3584   0.0196
  1996.333   0.3167   0.3348   0.0181
  1996.417   0.3151   0.3319   0.0168
  1996.500   0.3239   0.3404   0.0165
  1996.583   0.3290   0.3449   0.0159
  1996.667   0.3209   0.3351   0.0142
  1996.750   0.3377   0.3490   0.0113
  1996.833   0.3385   0.3492   0.0107
  1996.917   0.3462   0.3573   0.0111
  1997.000   0.3696   0.3808   0.0112
  1997.083   0.3694   0.3814   0.0120
  1997.167   0.3638   0.3760   0.0122
  1997.250   0.3871   0.4006   0.0135
  1997.333   0.4225   0.4378   0.0153
  1997.417   0.4419   0.4583   0.0164
  1997.500   0.4583   0.4745   0.0162
  1997.583   0.4827   0.4982   0.0155
  1997.667   0.5252   0.5412   0.0160
  1997.750   0.5336   0.5502   0.0166
  1997.833   0.5563   0.5722   0.0159
  1997.917   0.5829   0.5993   0.0164
  1998.000   0.6025   0.6188   0.0163
  1998.083   0.6297   0.6467   0.0170
  1998.167   0.6526   0.6683   0.0157
  1998.250   0.6453   0.6600   0.0147
  1998.333   0.6295   0.6441   0.0146
  1998.417   0.6160   0.6306   0.0146
  1998.500   0.6131   0.6286   0.0155
  1998.583   0.6031   0.6177   0.0146
  1998.667   0.5861   0.5997   0.0136
  1998.750   0.5612   0.5756   0.0144
  1998.833   0.5364   0.5508   0.0144
  1998.917   0.5050   0.5186   0.0136
  1999.000   0.4729   0.4849   0.0120
  1999.083   0.4514   0.4609   0.0095
  1999.167   0.4244   0.4328   0.0084
  1999.250   0.4233   0.4313   0.0080
  1999.333   0.4222   0.4290   0.0068
  1999.417   0.4152   0.4216   0.0064
  1999.500   0.4076   0.4134   0.0058
  1999.583   0.3877   0.3954   0.0077
  1999.667   0.3787   0.3884   0.0097
  1999.750   0.3990   0.4102   0.0112
  1999.833   0.4205   0.4316   0.0111
  1999.917   0.4280   0.4375   0.0095
  2000.000   0.4327   0.4424   0.0097
  2000.083   0.4326   0.4430   0.0104
  2000.167   0.4394   0.4501   0.0107
  2000.250   0.4390   0.4495   0.0105
  2000.333   0.4274   0.4383   0.0109
  2000.417   0.4211   0.4327   0.0116
  2000.500   0.4064   0.4185   0.0121
  2000.583   0.4214   0.4334   0.0120
  2000.667   0.4125   0.4227   0.0102
  2000.750   0.4133   0.4214   0.0081
  2000.833   0.4067   0.4154   0.0087
  2000.917   0.4213   0.4317   0.0104
  2001.000   0.4301   0.4409   0.0108
  2001.083   0.4457   0.4565   0.0108
  2001.167   0.4500   0.4617   0.0117
  2001.250   0.4591   0.4721   0.0130
  2001.333   0.4764   0.4906   0.0142
  2001.417   0.5065   0.5209   0.0144
  2001.500   0.5273   0.5410   0.0137
  2001.583   0.5531   0.5661   0.0130
  2001.667   0.5767   0.5914   0.0147
  2001.750   0.6027   0.6191   0.0164
  2001.833   0.6072   0.6244   0.0172
  2001.917   0.6122   0.6294   0.0172
  2002.000   0.6124   0.6293   0.0169
  2002.083   0.6108   0.6293   0.0185
  2002.167   0.6152   0.6343   0.0191
  2002.250   0.6231   0.6415   0.0184
  2002.333   0.6283   0.6452   0.0169
  2002.417   0.6211   0.6362   0.0151
  2002.500   0.6124   0.6258   0.0134
  2002.583   0.6121   0.6240   0.0119
  2002.667   0.5956   0.6061   0.0105
  2002.750   0.5682   0.5783   0.0101
  2002.833   0.5650   0.5750   0.0100
  2002.917   0.5627   0.5729   0.0102
  2003.000   0.5572   0.5680   0.0108
  2003.083   0.5537   0.5628   0.0091
  2003.167   0.5622   0.5718   0.0096
  2003.250   0.5624   0.5729   0.0105
  2003.333   0.5774   0.5886   0.0112
  2003.417   0.5723   0.5847   0.0124
  2003.500   0.5975   0.6110   0.0135
  2003.583   0.5838   0.5991   0.0153
  2003.667   0.5940   0.6114   0.0174
  2003.750   0.6000   0.6182   0.0182
  2003.833   0.6064   0.6250   0.0186
  2003.917   0.5893   0.6078   0.0185
  2004.000   0.5836   0.6031   0.0195
  2004.083   0.5576   0.5802   0.0226
  2004.167   0.5383   0.5629   0.0246
  2004.250   0.5271   0.5522   0.0251
  2004.333   0.5178   0.5440   0.0262
  2004.417   0.5320   0.5587   0.0267
  2004.500   0.5121   0.5404   0.0283
  2004.583   0.5233   0.5524   0.0291
  2004.667   0.5129   0.5425   0.0296
  2004.750   0.5163   0.5461   0.0298
  2004.833   0.5217   0.5517   0.0300
  2004.917   0.5397   0.5707   0.0310
  2005.000   0.5600   0.5905   0.0305
  2005.083   0.5937   0.6230   0.0293
  2005.167   0.6101   0.6379   0.0278
  2005.250   0.6308   0.6584   0.0276
  2005.333   0.6434   0.6707   0.0273
  2005.417   0.6457   0.6738   0.0281
  2005.500   0.6591   0.6873   0.0282
  2005.583   0.6462   0.6752   0.0290
  2005.667   0.6572   0.6871   0.0299
  2005.750   0.6515   0.6822   0.0307
  2005.833   0.6346   0.6661   0.0315
  2005.917   0.6196   0.6512   0.0316
  2006.000   0.6170   0.6496   0.0326
  2006.083   0.6069   0.6405   0.0336
  2006.167   0.6133   0.6483   0.0350
  2006.250   0.6017   0.6378   0.0361
  2006.333   0.5938   0.6301   0.0363
  2006.417   0.5917   0.6277   0.0360
  2006.500   0.6003   0.6361   0.0358
  2006.583   0.6332   0.6688   0.0356
  2006.667   0.6325   0.6671   0.0346
  2006.750   0.6401   0.6737   0.0336
  2006.833   0.6617   0.6947   0.0330
  2006.917   0.6780   0.7121   0.0341
  2007.000   0.6722   0.7066   0.0344
  2007.083   0.6784   0.7129   0.0345
  2007.167   0.6691   0.7035   0.0344
  2007.250   0.6704   0.7034   0.0330
  2007.333   0.6614   0.6949   0.0335
  2007.417   0.6487   0.6820   0.0333
  2007.500   0.6246   0.6580   0.0334
  2007.583   0.5665   0.5993   0.0328
  2007.667   0.5377   0.5708   0.0331
  2007.750   0.5386   0.5725   0.0339
  2007.833   0.5207   0.5547   0.0340
  2007.917   0.5072   0.5409   0.0337
  2008.000   0.4987   0.5325   0.0338
  2008.083   0.4965   0.5313   0.0348
  2008.167   0.4816   0.5179   0.0363
  2008.250   0.4800   0.5184   0.0384
  2008.333   0.4851   0.5243   0.0392
  2008.417   0.4926   0.5326   0.0400
  2008.500   0.4971   0.5378   0.0407
  2008.583   0.5251   0.5672   0.0421
  2008.667   0.5396   0.5822   0.0426
  2008.750   0.5228   0.5659   0.0431
  2008.833   0.5292   0.5725   0.0433
  2008.917   0.5394   0.5832   0.0438
  2009.000   0.5532   0.5983   0.0451
  2009.083   0.5630   0.6081   0.0451
  2009.167   0.5824   0.6271   0.0447
  2009.250   0.5861   0.6310   0.0449
  2009.333   0.5840   0.6295   0.0455
  2009.417   0.5919   0.6389   0.0470
  2009.500   0.5982   0.6475   0.0493
  2009.583   0.6068   0.6578   0.0510
  2009.667   0.6289   0.6795   0.0506
  2009.750   0.6601   0.7115   0.0514
  2009.833   0.6806   0.7325   0.0519
  2009.917   0.6901   0.7419   0.0518
  2010.000   0.6897   0.7410   0.0513
  2010.083   0.6815   0.7322   0.0507
  2010.167   0.6801   0.7306   0.0505
  2010.250   0.6740   0.7243   0.0503
  2010.333   0.6794   0.7294   0.0500
  2010.417   0.6818   0.7308   0.0490
  2010.500   0.6701   0.7176   0.0475
  2010.583   0.6525   0.6985   0.0460
  2010.667   0.6278   0.6754   0.0476
  2010.750   0.6043   0.6525   0.0482
  2010.833   0.5864   0.6348   0.0484
  2010.917   0.5677   0.6169   0.0492
  2011.000   0.5631   0.6121   0.0490
  2011.083   0.5746   0.6226   0.0480
  2011.167   0.5824   0.6296   0.0472
  2011.250   0.5781   0.6248   0.0467
  2011.333   0.5742   0.6209   0.0467
  2011.417   0.5551   0.6010   0.0459
  2011.500   0.5586   0.6047   0.0461
  2011.583   0.5534   0.6006   0.0472
  2011.667   0.5523   0.5990   0.0467
  2011.750   0.5471   0.5934   0.0463
  2011.833   0.5494   0.5968   0.0474
  2011.917   0.5697   0.6165   0.0468
  2012.000   0.5731   0.6192   0.0461
  2012.083   0.5567   0.6047   0.0480
  2012.167   0.5466   0.5968   0.0502
  2012.250   0.5616   0.6129   0.0513
  2012.333   0.5708   0.6229   0.0521
  2012.417   0.5854   0.6386   0.0532
  2012.500   0.5844   0.6378   0.0534
  2012.583   0.6034   0.6557   0.0523
  2012.667   0.6105   0.6615   0.0510
  2012.750   0.6173   0.6682   0.0509
  2012.833   0.6050   0.6551   0.0501
  2012.917   0.5922   0.6429   0.0507
  2013.000   0.5932   0.6458   0.0526
  2013.083   0.5944   0.6474   0.0530
  2013.167   0.5975   0.6492   0.0517
  2013.250   0.6001   0.6507   0.0506
  2013.333   0.5908   0.6429   0.0521
  2013.417   0.5956   0.6477   0.0521
  2013.500   0.6070   0.6597   0.0527
  2013.583   0.6121   0.6650   0.0529
  2013.667   0.6055   0.6603   0.0548
  2013.750   0.6144   0.6703   0.0559
  2013.833   0.6344   0.6914   0.0570
  2013.917   0.6534   0.7116   0.0582
  2014.000   0.6545   0.7121   0.0576
  2014.083   0.6524   0.7112   0.0588
  2014.167   0.6634   0.7241   0.0607
  2014.250   0.6724   0.7352   0.0628
  2014.333   0.6875   0.7495   0.0620
  2014.417   0.6777   0.7400   0.0623
  2014.500   0.6868   0.7501   0.0633
  2014.583   0.6922   0.7569   0.0647
  2014.667   0.7228   0.7873   0.0645
  2014.750   0.7334   0.7981   0.0647
  2014.833   0.7293   0.7940   0.0647
  2014.917   0.7244   0.7878   0.0634
  2015.000   0.7340   0.7982   0.0642
  2015.083   0.7475   0.8107   0.0632
  2015.167   0.7457   0.8079   0.0622
  2015.250   0.7380   0.8004   0.0624
  2015.333   0.7555   0.8176   0.0621
  2015.417   0.7805   0.8438   0.0633
  2015.500   0.8064   0.8692   0.0628
  2015.583   0.8304   0.8936   0.0632
  2015.667   0.8671   0.9317   0.0646
  2015.750   0.8982   0.9636   0.0654
  2015.833   0.9281   0.9943   0.0662
-------------------------------------
