Global mean surface temperature (C)
relative to 1951-1980 mean
-----------------------------------
 year    monthly_mean
-----------------------------------
1880.042   -0.2913
1880.125   -0.2004
1880.208   -0.1743
1880.292   -0.2680
1880.375   -0.1358
1880.458   -0.2789
1880.542   -0.2298
1880.625   -0.0676
1880.708   -0.1604
1880.792   -0.1548
1880.875   -0.1802
1880.958   -0.2090
1881.042   -0.1026
1881.125   -0.1332
1881.208    0.0128
1881.292   -0.0255
1881.375   -0.0338
1881.458   -0.2745
1881.542   -0.0568
1881.625   -0.0136
1881.708   -0.0799
1881.792   -0.1831
1881.875   -0.2529
1881.958   -0.1474
1882.042    0.1074
1882.125    0.1024
1882.208    0.0295
1882.292   -0.1917
1882.375   -0.1675
1882.458   -0.2404
1882.542   -0.0978
1882.625    0.0435
1882.708    0.0034
1882.792   -0.2147
1882.875   -0.1972
1882.958   -0.2449
1883.042   -0.3282
1883.125   -0.4096
1883.208   -0.1683
1883.292   -0.2334
1883.375   -0.2437
1883.458   -0.1084
1883.542   -0.0771
1883.625   -0.1179
1883.708   -0.1725
1883.792   -0.1044
1883.875   -0.1903
1883.958   -0.1737
1884.042   -0.1757
1884.125   -0.1047
1884.208   -0.3281
1884.292   -0.3479
1884.375   -0.3073
1884.458   -0.3698
1884.542   -0.3311
1884.625   -0.2457
1884.708   -0.2200
1884.792   -0.2095
1884.875   -0.2864
1884.958   -0.2806
1885.042   -0.6376
1885.125   -0.2832
1885.208   -0.2233
1885.292   -0.4276
1885.375   -0.4027
1885.458   -0.4905
1885.542   -0.2756
1885.625   -0.2613
1885.708   -0.1793
1885.792   -0.1785
1885.875   -0.2089
1885.958   -0.0465
1886.042   -0.4089
1886.125   -0.4415
1886.208   -0.3987
1886.292   -0.2808
1886.375   -0.2587
1886.458   -0.3766
1886.542   -0.1511
1886.625   -0.2992
1886.708   -0.1782
1886.792   -0.2392
1886.875   -0.2461
1886.958   -0.2408
1887.042   -0.6515
1887.125   -0.4705
1887.208   -0.3006
1887.292   -0.3611
1887.375   -0.3228
1887.458   -0.1928
1887.542   -0.1789
1887.625   -0.2602
1887.708   -0.1844
1887.792   -0.3091
1887.875   -0.2476
1887.958   -0.3707
1888.042   -0.4197
1888.125   -0.4115
1888.208   -0.4629
1888.292   -0.2734
1888.375   -0.2157
1888.458   -0.1986
1888.542   -0.0839
1888.625   -0.1016
1888.708   -0.0666
1888.792    0.0207
1888.875    0.0059
1888.958   -0.1189
1889.042   -0.1920
1889.125    0.1520
1889.208    0.0546
1889.292    0.0534
1889.375   -0.0201
1889.458   -0.1085
1889.542   -0.0427
1889.625   -0.1653
1889.708   -0.1791
1889.792   -0.2112
1889.875   -0.2925
1889.958   -0.2968
1890.042   -0.4666
1890.125   -0.4760
1890.208   -0.3994
1890.292   -0.3669
1890.375   -0.4686
1890.458   -0.2681
1890.542   -0.2855
1890.625   -0.3500
1890.708   -0.3500
1890.792   -0.2153
1890.875   -0.3601
1890.958   -0.2920
1891.042   -0.4508
1891.125   -0.4922
1891.208   -0.1381
1891.292   -0.2459
1891.375   -0.1631
1891.458   -0.2093
1891.542   -0.2099
1891.625   -0.2009
1891.708   -0.1277
1891.792   -0.2251
1891.875   -0.3634
1891.958   -0.0117
1892.042   -0.2497
1892.125   -0.1370
1892.208   -0.3516
1892.292   -0.3385
1892.375   -0.2396
1892.458   -0.1861
1892.542   -0.2674
1892.625   -0.1869
1892.708   -0.2395
1892.792   -0.1527
1892.875   -0.4878
1892.958   -0.2797
1893.042   -0.6729
1893.125   -0.5010
1893.208   -0.2319
1893.292   -0.3157
1893.375   -0.3367
1893.458   -0.2258
1893.542   -0.1292
1893.625   -0.2252
1893.708   -0.1712
1893.792   -0.1519
1893.875   -0.1574
1893.958   -0.3692
1894.042   -0.5438
1894.125   -0.3126
1894.208   -0.2043
1894.292   -0.4066
1894.375   -0.2898
1894.458   -0.4264
1894.542   -0.3110
1894.625   -0.2701
1894.708   -0.2149
1894.792   -0.1565
1894.875   -0.2391
1894.958   -0.2123
1895.042   -0.4289
1895.125   -0.4160
1895.208   -0.2821
1895.292   -0.2157
1895.375   -0.2199
1895.458   -0.2373
1895.542   -0.1578
1895.625   -0.1449
1895.708   -0.0070
1895.792   -0.0923
1895.875   -0.1459
1895.958   -0.1118
1896.042   -0.2245
1896.125   -0.1401
1896.208   -0.2883
1896.292   -0.3155
1896.375   -0.1889
1896.458   -0.1274
1896.542   -0.0531
1896.625   -0.0827
1896.708   -0.0361
1896.792    0.0498
1896.875   -0.1488
1896.958   -0.1139
1897.042   -0.2257
1897.125   -0.1826
1897.208   -0.1135
1897.292   -0.0039
1897.375    0.0026
1897.458   -0.1154
1897.542   -0.0417
1897.625   -0.0248
1897.708   -0.0370
1897.792   -0.0858
1897.875   -0.1631
1897.958   -0.2441
1898.042   -0.0593
1898.125   -0.3209
1898.208   -0.5535
1898.292   -0.3345
1898.375   -0.3553
1898.458   -0.2084
1898.542   -0.2238
1898.625   -0.2276
1898.708   -0.1854
1898.792   -0.3146
1898.875   -0.3565
1898.958   -0.2119
1899.042   -0.1758
1899.125   -0.4003
1899.208   -0.3357
1899.292   -0.1985
1899.375   -0.1976
1899.458   -0.2493
1899.542   -0.1334
1899.625   -0.0405
1899.708   -0.0109
1899.792    0.0034
1899.875    0.1293
1899.958   -0.2605
1900.042   -0.3885
1900.125   -0.0668
1900.208    0.0228
1900.292   -0.1408
1900.375   -0.0523
1900.458   -0.1425
1900.542   -0.0800
1900.625   -0.0286
1900.708    0.0227
1900.792    0.0896
1900.875   -0.1196
1900.958   -0.1300
1901.042   -0.2667
1901.125   -0.0450
1901.208    0.0590
1901.292   -0.0454
1901.375   -0.1591
1901.458   -0.0908
1901.542   -0.0775
1901.625   -0.1162
1901.708   -0.1499
1901.792   -0.2707
1901.875   -0.1518
1901.958   -0.2797
1902.042   -0.1696
1902.125   -0.0175
1902.208   -0.2722
1902.292   -0.2628
1902.375   -0.2949
1902.458   -0.3178
1902.542   -0.2399
1902.625   -0.2656
1902.708   -0.1879
1902.792   -0.2520
1902.875   -0.3394
1902.958   -0.4457
1903.042   -0.2572
1903.125   -0.0433
1903.208   -0.2096
1903.292   -0.3787
1903.375   -0.3918
1903.458   -0.4290
1903.542   -0.2829
1903.625   -0.4175
1903.708   -0.4140
1903.792   -0.4022
1903.875   -0.3668
1903.958   -0.4553
1904.042   -0.6228
1904.125   -0.5267
1904.208   -0.4438
1904.292   -0.4804
1904.375   -0.4940
1904.458   -0.4816
1904.542   -0.4745
1904.625   -0.4252
1904.708   -0.4609
1904.792   -0.3432
1904.875   -0.1591
1904.958   -0.2880
1905.042   -0.3730
1905.125   -0.5784
1905.208   -0.2430
1905.292   -0.3675
1905.375   -0.3313
1905.458   -0.3080
1905.542   -0.2388
1905.625   -0.1931
1905.708   -0.1395
1905.792   -0.2342
1905.875   -0.0851
1905.958   -0.2062
1906.042   -0.3045
1906.125   -0.3198
1906.208   -0.1471
1906.292   -0.0283
1906.375   -0.2057
1906.458   -0.2108
1906.542   -0.2525
1906.625   -0.1758
1906.708   -0.2458
1906.792   -0.1962
1906.875   -0.3798
1906.958   -0.1788
1907.042   -0.4340
1907.125   -0.5101
1907.208   -0.2315
1907.292   -0.3903
1907.375   -0.4534
1907.458   -0.4276
1907.542   -0.3543
1907.625   -0.3614
1907.708   -0.3193
1907.792   -0.2358
1907.875   -0.5051
1907.958   -0.4980
1908.042   -0.4515
1908.125   -0.3494
1908.208   -0.5690
1908.292   -0.4544
1908.375   -0.3975
1908.458   -0.3861
1908.542   -0.3474
1908.625   -0.4479
1908.708   -0.3277
1908.792   -0.4286
1908.875   -0.5019
1908.958   -0.4939
1909.042   -0.6971
1909.125   -0.4632
1909.208   -0.5134
1909.292   -0.5817
1909.375   -0.5320
1909.458   -0.5119
1909.542   -0.4226
1909.625   -0.2916
1909.708   -0.3647
1909.792   -0.3813
1909.875   -0.3148
1909.958   -0.5398
1910.042   -0.4294
1910.125   -0.4241
1910.208   -0.4780
1910.292   -0.3791
1910.375   -0.3339
1910.458   -0.3617
1910.542   -0.3101
1910.625   -0.3343
1910.708   -0.3555
1910.792   -0.3754
1910.875   -0.5492
1910.958   -0.6808
1911.042   -0.6247
1911.125   -0.5882
1911.208   -0.6055
1911.292   -0.5418
1911.375   -0.5024
1911.458   -0.4516
1911.542   -0.3953
1911.625   -0.4154
1911.708   -0.3671
1911.792   -0.2432
1911.875   -0.1834
1911.958   -0.2354
1912.042   -0.2581
1912.125   -0.1323
1912.208   -0.3649
1912.292   -0.1904
1912.375   -0.1857
1912.458   -0.2482
1912.542   -0.4056
1912.625   -0.5117
1912.708   -0.4680
1912.792   -0.5488
1912.875   -0.3678
1912.958   -0.4225
1913.042   -0.4142
1913.125   -0.4289
1913.208   -0.4269
1913.292   -0.3607
1913.375   -0.4488
1913.458   -0.4577
1913.542   -0.3440
1913.625   -0.3343
1913.708   -0.3324
1913.792   -0.3393
1913.875   -0.1742
1913.958   -0.0298
1914.042    0.0239
1914.125   -0.1235
1914.208   -0.2170
1914.292   -0.2714
1914.375   -0.1973
1914.458   -0.2311
1914.542   -0.2388
1914.625   -0.1373
1914.708   -0.1255
1914.792   -0.0487
1914.875   -0.2029
1914.958   -0.0886
1915.042   -0.1826
1915.125    0.0037
1915.208   -0.1024
1915.292    0.0793
1915.375   -0.0102
1915.458   -0.1463
1915.542   -0.0234
1915.625   -0.1478
1915.708   -0.1221
1915.792   -0.2213
1915.875   -0.1228
1915.958   -0.2389
1916.042   -0.1741
1916.125   -0.2076
1916.208   -0.3069
1916.292   -0.2373
1916.375   -0.2584
1916.458   -0.4317
1916.542   -0.3366
1916.625   -0.2573
1916.708   -0.2794
1916.792   -0.2679
1916.875   -0.3970
1916.958   -0.7660
1917.042   -0.4555
1917.125   -0.5263
1917.208   -0.4667
1917.292   -0.3717
1917.375   -0.4765
1917.458   -0.3960
1917.542   -0.2221
1917.625   -0.2513
1917.708   -0.1723
1917.792   -0.3444
1917.875   -0.2606
1917.958   -0.7094
1918.042   -0.4152
1918.125   -0.2963
1918.208   -0.1809
1918.292   -0.3808
1918.375   -0.3601
1918.458   -0.2697
1918.542   -0.1938
1918.625   -0.2447
1918.708   -0.1266
1918.792   -0.0236
1918.875   -0.1496
1918.958   -0.2861
1919.042   -0.1992
1919.125   -0.1948
1919.208   -0.2373
1919.292   -0.1599
1919.375   -0.1918
1919.458   -0.2638
1919.542   -0.1948
1919.625   -0.1834
1919.708   -0.1600
1919.792   -0.1424
1919.875   -0.2861
1919.958   -0.3433
1920.042   -0.1448
1920.125   -0.2200
1920.208   -0.0648
1920.292   -0.2467
1920.375   -0.2386
1920.458   -0.3123
1920.542   -0.3027
1920.625   -0.2749
1920.708   -0.1825
1920.792   -0.2758
1920.875   -0.3169
1920.958   -0.4583
1921.042   -0.0276
1921.125   -0.1947
1921.208   -0.2630
1921.292   -0.3508
1921.375   -0.3428
1921.458   -0.2982
1921.542   -0.1432
1921.625   -0.2232
1921.708   -0.1544
1921.792   -0.0496
1921.875   -0.1496
1921.958   -0.1732
1922.042   -0.3361
1922.125   -0.4155
1922.208   -0.1130
1922.292   -0.2007
1922.375   -0.3269
1922.458   -0.3165
1922.542   -0.2483
1922.625   -0.2881
1922.708   -0.2691
1922.792   -0.3162
1922.875   -0.1542
1922.958   -0.1594
1923.042   -0.2526
1923.125   -0.3520
1923.208   -0.3080
1923.292   -0.3584
1923.375   -0.3180
1923.458   -0.2193
1923.542   -0.2749
1923.625   -0.2777
1923.708   -0.2584
1923.792   -0.1106
1923.875    0.0472
1923.958   -0.0404
1924.042   -0.2319
1924.125   -0.2605
1924.208   -0.1099
1924.292   -0.3419
1924.375   -0.1821
1924.458   -0.2634
1924.542   -0.2552
1924.625   -0.3374
1924.708   -0.2881
1924.792   -0.3459
1924.875   -0.2167
1924.958   -0.4139
1925.042   -0.3250
1925.125   -0.3304
1925.208   -0.2108
1925.292   -0.2436
1925.375   -0.2886
1925.458   -0.3202
1925.542   -0.2815
1925.625   -0.1725
1925.708   -0.1263
1925.792   -0.1604
1925.875    0.0474
1925.958    0.1098
1926.042    0.2051
1926.125    0.0835
1926.208    0.1311
1926.292   -0.1361
1926.375   -0.2338
1926.458   -0.2381
1926.542   -0.1974
1926.625   -0.0983
1926.708   -0.1020
1926.792   -0.1078
1926.875   -0.0549
1926.958   -0.3028
1927.042   -0.2744
1927.125   -0.2016
1927.208   -0.3703
1927.292   -0.2973
1927.375   -0.2399
1927.458   -0.2666
1927.542   -0.1277
1927.625   -0.1795
1927.708   -0.0479
1927.792   -0.0042
1927.875   -0.0285
1927.958   -0.3503
1928.042   -0.0245
1928.125   -0.1137
1928.208   -0.2762
1928.292   -0.2774
1928.375   -0.2949
1928.458   -0.4060
1928.542   -0.2036
1928.625   -0.2445
1928.708   -0.1879
1928.792   -0.1781
1928.875   -0.0897
1928.958   -0.1967
1929.042   -0.4615
1929.125   -0.5913
1929.208   -0.3219
1929.292   -0.4033
1929.375   -0.3814
1929.458   -0.4271
1929.542   -0.3198
1929.625   -0.2825
1929.708   -0.2256
1929.792   -0.1405
1929.875   -0.1354
1929.958   -0.5426
1930.042   -0.2884
1930.125   -0.2367
1930.208   -0.0776
1930.292   -0.2524
1930.375   -0.2426
1930.458   -0.1764
1930.542   -0.1552
1930.625   -0.0938
1930.708   -0.1000
1930.792   -0.0801
1930.875    0.1403
1930.958   -0.0845
1931.042   -0.1033
1931.125   -0.2108
1931.208   -0.0533
1931.292   -0.2073
1931.375   -0.2137
1931.458   -0.0534
1931.542    0.0115
1931.625   -0.0032
1931.708   -0.0577
1931.792    0.0027
1931.875   -0.1179
1931.958   -0.0979
1932.042    0.1422
1932.125   -0.1703
1932.208   -0.1932
1932.292   -0.0713
1932.375   -0.2137
1932.458   -0.2901
1932.542   -0.2288
1932.625   -0.2311
1932.708   -0.1109
1932.792   -0.0918
1932.875   -0.2537
1932.958   -0.2135
1933.042   -0.3388
1933.125   -0.3165
1933.208   -0.2761
1933.292   -0.2276
1933.375   -0.2451
1933.458   -0.3119
1933.542   -0.1916
1933.625   -0.2202
1933.708   -0.2557
1933.792   -0.2286
1933.875   -0.3071
1933.958   -0.4597
1934.042   -0.2614
1934.125   -0.0342
1934.208   -0.2961
1934.292   -0.2569
1934.375   -0.0980
1934.458   -0.1280
1934.542   -0.0985
1934.625   -0.0863
1934.708   -0.1422
1934.792   -0.1012
1934.875   -0.0017
1934.958   -0.0783
1935.042   -0.3615
1935.125    0.1255
1935.208   -0.1203
1935.292   -0.3371
1935.375   -0.2491
1935.458   -0.2159
1935.542   -0.1822
1935.625   -0.1583
1935.708   -0.1561
1935.792   -0.0745
1935.875   -0.2790
1935.958   -0.2106
1936.042   -0.2821
1936.125   -0.3846
1936.208   -0.2234
1936.292   -0.1956
1936.375   -0.1558
1936.458   -0.1788
1936.542   -0.0498
1936.625   -0.1071
1936.708   -0.0500
1936.792   -0.0246
1936.875   -0.0366
1936.958   -0.0282
1937.042   -0.1000
1937.125    0.0669
1937.208   -0.1574
1937.292   -0.1639
1937.375   -0.0604
1937.458   -0.0661
1937.542   -0.0376
1937.625    0.0407
1937.708    0.1510
1937.792    0.1022
1937.875    0.1023
1937.958   -0.1114
1938.042    0.0041
1938.125   -0.0292
1938.208    0.0638
1938.292    0.0551
1938.375   -0.0664
1938.458   -0.1621
1938.542   -0.0775
1938.625   -0.0353
1938.708    0.0407
1938.792    0.1174
1938.875    0.0213
1938.958   -0.2525
1939.042   -0.1187
1939.125   -0.1115
1939.208   -0.1904
1939.292   -0.1114
1939.375   -0.0621
1939.458   -0.0734
1939.542   -0.0466
1939.625   -0.0371
1939.708    0.0100
1939.792   -0.0247
1939.875    0.0641
1939.958    0.4052
1940.042   -0.1465
1940.125    0.0646
1940.208    0.1244
1940.292    0.1680
1940.375    0.0616
1940.458    0.0576
1940.542    0.1097
1940.625    0.0163
1940.708    0.1258
1940.792    0.0820
1940.875    0.1310
1940.958    0.1976
1941.042    0.1322
1941.125    0.2348
1941.208    0.0626
1941.292    0.1133
1941.375    0.1069
1941.458    0.0474
1941.542    0.1547
1941.625    0.1472
1941.708    0.0278
1941.792    0.2504
1941.875    0.1273
1941.958    0.1462
1942.042    0.2638
1942.125    0.0500
1942.208    0.1329
1942.292    0.1456
1942.375    0.1447
1942.458    0.1112
1942.542    0.0215
1942.625   -0.0246
1942.708   -0.0013
1942.792    0.0688
1942.875    0.1337
1942.958    0.1177
1943.042   -0.0043
1943.125    0.2204
1943.208    0.0245
1943.292    0.1340
1943.375    0.1008
1943.458   -0.0017
1943.542    0.1435
1943.625    0.0338
1943.708    0.1156
1943.792    0.2980
1943.875    0.2571
1943.958    0.2871
1944.042    0.4138
1944.125    0.3145
1944.208    0.3402
1944.292    0.2712
1944.375    0.2637
1944.458    0.2290
1944.542    0.2289
1944.625    0.2320
1944.708    0.3139
1944.792    0.2690
1944.875    0.1224
1944.958    0.0516
1945.042    0.1386
1945.125    0.0246
1945.208    0.1138
1945.292    0.2399
1945.375    0.1021
1945.458    0.0243
1945.542    0.0721
1945.625    0.2536
1945.708    0.2199
1945.792    0.2235
1945.875    0.1052
1945.958   -0.0945
1946.042    0.1530
1946.125    0.0623
1946.208    0.0011
1946.292    0.1120
1946.375   -0.0325
1946.458   -0.1625
1946.542   -0.0855
1946.625   -0.0774
1946.708   -0.0154
1946.792   -0.0535
1946.875   -0.0156
1946.958   -0.2871
1947.042   -0.1229
1947.125   -0.0716
1947.208    0.0508
1947.292    0.0419
1947.375   -0.0618
1947.458    0.0045
1947.542   -0.0597
1947.625   -0.0817
1947.708   -0.1358
1947.792    0.0622
1947.875   -0.0041
1947.958   -0.1780
1948.042    0.0519
1948.125   -0.1295
1948.208   -0.2268
1948.292   -0.0916
1948.375    0.0822
1948.458   -0.0474
1948.542   -0.1243
1948.625   -0.0957
1948.708   -0.0977
1948.792   -0.0611
1948.875   -0.0793
1948.958   -0.2267
1949.042    0.0930
1949.125   -0.1611
1949.208   -0.0057
1949.292   -0.0734
1949.375   -0.0840
1949.458   -0.2209
1949.542   -0.1320
1949.625   -0.0775
1949.708   -0.0846
1949.792   -0.0277
1949.875   -0.0800
1949.958   -0.1925
1950.042   -0.2987
1950.125   -0.2586
1950.208   -0.0648
1950.292   -0.2101
1950.375   -0.1173
1950.458   -0.0614
1950.542   -0.0842
1950.625   -0.1735
1950.708   -0.1020
1950.792   -0.1947
1950.875   -0.3471
1950.958   -0.1989
1951.042   -0.3455
1951.125   -0.4342
1951.208   -0.1829
1951.292   -0.0987
1951.375   -0.0159
1951.458   -0.0441
1951.542    0.0030
1951.625    0.0526
1951.708    0.0771
1951.792    0.0642
1951.875    0.0006
1951.958    0.1516
1952.042    0.1608
1952.125    0.1292
1952.208   -0.0932
1952.292    0.0181
1952.375   -0.0448
1952.458   -0.0420
1952.542    0.0513
1952.625    0.0716
1952.708    0.0796
1952.792   -0.0344
1952.875   -0.1651
1952.958   -0.0144
1953.042    0.0888
1953.125    0.1571
1953.208    0.1112
1953.292    0.2036
1953.375    0.0874
1953.458    0.0792
1953.542    0.0259
1953.625    0.0821
1953.708    0.0586
1953.792    0.0485
1953.875   -0.0503
1953.958    0.0353
1954.042   -0.2812
1954.125   -0.0980
1954.208   -0.1185
1954.292   -0.1777
1954.375   -0.1926
1954.458   -0.1520
1954.542   -0.1605
1954.625   -0.1248
1954.708   -0.0655
1954.792   -0.0099
1954.875    0.0794
1954.958   -0.1783
1955.042    0.1132
1955.125   -0.2104
1955.208   -0.3563
1955.292   -0.2315
1955.375   -0.2020
1955.458   -0.0751
1955.542   -0.0891
1955.625    0.0393
1955.708   -0.1234
1955.792   -0.0471
1955.875   -0.2766
1955.958   -0.3232
1956.042   -0.1620
1956.125   -0.2489
1956.208   -0.2268
1956.292   -0.2612
1956.375   -0.2839
1956.458   -0.1475
1956.542   -0.1155
1956.625   -0.2507
1956.708   -0.2128
1956.792   -0.2391
1956.875   -0.1692
1956.958   -0.0991
1957.042   -0.1368
1957.125   -0.0523
1957.208   -0.0523
1957.292   -0.0310
1957.375    0.0789
1957.458    0.1649
1957.542    0.0128
1957.625    0.1455
1957.708    0.0648
1957.792    0.0107
1957.875    0.0736
1957.958    0.1636
1958.042    0.3941
1958.125    0.2425
1958.208    0.0973
1958.292    0.0133
1958.375    0.0856
1958.458   -0.0545
1958.542    0.0557
1958.625   -0.0562
1958.708   -0.0250
1958.792    0.0370
1958.875    0.0261
1958.958    0.0109
1959.042    0.0626
1959.125    0.0936
1959.208    0.1941
1959.292    0.1664
1959.375    0.0563
1959.458    0.0232
1959.542    0.0627
1959.625   -0.0069
1959.708   -0.0597
1959.792   -0.0866
1959.875   -0.0872
1959.958   -0.0269
1960.042   -0.0113
1960.125    0.1432
1960.208   -0.3558
1960.292   -0.1614
1960.375   -0.0743
1960.458    0.0089
1960.542   -0.0171
1960.625   -0.0026
1960.708    0.0466
1960.792    0.0723
1960.875   -0.1152
1960.958    0.1769
1961.042    0.0658
1961.125    0.1781
1961.208    0.0880
1961.292    0.1469
1961.375    0.1241
1961.458    0.1180
1961.542   -0.0291
1961.625    0.0187
1961.708    0.0540
1961.792   -0.0009
1961.875    0.0306
1961.958   -0.1457
1962.042    0.0772
1962.125    0.1427
1962.208    0.1234
1962.292    0.0510
1962.375   -0.0569
1962.458    0.0573
1962.542   -0.0212
1962.625   -0.0215
1962.708   -0.0058
1962.792   -0.0236
1962.875    0.0665
1962.958   -0.0097
1963.042   -0.0261
1963.125    0.1951
1963.208   -0.1316
1963.292   -0.0484
1963.375   -0.0913
1963.458    0.0310
1963.542    0.0816
1963.625    0.2484
1963.708    0.1985
1963.792    0.1581
1963.875    0.1572
1963.958    0.0033
1964.042   -0.0577
1964.125   -0.1171
1964.208   -0.2216
1964.292   -0.2974
1964.375   -0.2504
1964.458   -0.0691
1964.542   -0.0693
1964.625   -0.2067
1964.708   -0.2842
1964.792   -0.3017
1964.875   -0.2098
1964.958   -0.2954
1965.042   -0.0857
1965.125   -0.1703
1965.208   -0.1083
1965.292   -0.1925
1965.375   -0.1383
1965.458   -0.0785
1965.542   -0.1210
1965.625   -0.0066
1965.708   -0.1473
1965.792   -0.0411
1965.875   -0.0563
1965.958   -0.0511
1966.042   -0.1582
1966.125   -0.0014
1966.208    0.0425
1966.292   -0.1327
1966.375   -0.1024
1966.458    0.0148
1966.542    0.0841
1966.625   -0.1060
1966.708   -0.0132
1966.792   -0.1467
1966.875   -0.0220
1966.958   -0.0604
1967.042   -0.0605
1967.125   -0.1962
1967.208    0.0356
1967.292   -0.0440
1967.375    0.1392
1967.458   -0.0837
1967.542    0.0057
1967.625    0.0224
1967.708   -0.0412
1967.792    0.0654
1967.875   -0.0635
1967.958   -0.0228
1968.042   -0.2309
1968.125   -0.1468
1968.208    0.2062
1968.292   -0.0512
1968.375   -0.1029
1968.458   -0.0635
1968.542   -0.1076
1968.625   -0.1087
1968.708   -0.1839
1968.792    0.1226
1968.875   -0.0412
1968.958   -0.1363
1969.042   -0.1090
1969.125   -0.1377
1969.208    0.0033
1969.292    0.1874
1969.375    0.1991
1969.458    0.0482
1969.542   -0.0159
1969.625    0.0330
1969.708    0.1020
1969.792    0.1091
1969.875    0.1154
1969.958    0.2713
1970.042    0.0954
1970.125    0.2214
1970.208    0.0740
1970.292    0.0904
1970.375   -0.0476
1970.458   -0.0292
1970.542   -0.0417
1970.625   -0.1112
1970.708    0.1100
1970.792    0.0442
1970.875    0.0109
1970.958   -0.1348
1971.042   -0.0241
1971.125   -0.2051
1971.208   -0.1828
1971.292   -0.0941
1971.375   -0.0652
1971.458   -0.1800
1971.542   -0.1251
1971.625   -0.0357
1971.708   -0.0111
1971.792   -0.0564
1971.875   -0.0391
1971.958   -0.0834
1972.042   -0.2394
1972.125   -0.1714
1972.208    0.0194
1972.292   -0.0119
1972.375   -0.0243
1972.458    0.0408
1972.542    0.0262
1972.625    0.1841
1972.708    0.0348
1972.792    0.0886
1972.875    0.0309
1972.958    0.1775
1973.042    0.2700
1973.125    0.2977
1973.208    0.2498
1973.292    0.2503
1973.375    0.2537
1973.458    0.1563
1973.542    0.0885
1973.625    0.0171
1973.708    0.0611
1973.792    0.1130
1973.875    0.0557
1973.958   -0.0627
1974.042   -0.1501
1974.125   -0.2836
1974.208   -0.0557
1974.292   -0.1038
1974.375   -0.0112
1974.458   -0.0546
1974.542   -0.0354
1974.625    0.1121
1974.708   -0.1282
1974.792   -0.0764
1974.875   -0.0743
1974.958   -0.0920
1975.042    0.0698
1975.125    0.0660
1975.208    0.1310
1975.292    0.0535
1975.375    0.1561
1975.458   -0.0232
1975.542   -0.0287
1975.625   -0.1982
1975.708   -0.0326
1975.792   -0.0930
1975.875   -0.1589
1975.958   -0.1713
1976.042   -0.0062
1976.125   -0.0622
1976.208   -0.2146
1976.292   -0.0987
1976.375   -0.2313
1976.458   -0.1500
1976.542   -0.1233
1976.625   -0.1838
1976.708   -0.0926
1976.792   -0.2622
1976.875   -0.0590
1976.958    0.0870
1977.042    0.1785
1977.125    0.2021
1977.208    0.2502
1977.292    0.2685
1977.375    0.2960
1977.458    0.2451
1977.542    0.2326
1977.625    0.1883
1977.708    0.0195
1977.792    0.0398
1977.875    0.1961
1977.958    0.0429
1978.042    0.0748
1978.125    0.1373
1978.208    0.2028
1978.292    0.1503
1978.375    0.0648
1978.458   -0.0338
1978.542    0.0662
1978.625   -0.1777
1978.708    0.0469
1978.792   -0.0013
1978.875    0.1597
1978.958    0.1115
1979.042    0.1362
1979.125   -0.0908
1979.208    0.1862
1979.292    0.1208
1979.375    0.0530
1979.458    0.1331
1979.542    0.0230
1979.625    0.1393
1979.708    0.2675
1979.792    0.2522
1979.875    0.2917
1979.958    0.4689
1980.042    0.2976
1980.125    0.4205
1980.208    0.2852
1980.292    0.3156
1980.375    0.3410
1980.458    0.1599
1980.542    0.2811
1980.625    0.2430
1980.708    0.2054
1980.792    0.1946
1980.875    0.2933
1980.958    0.2068
1981.042    0.5551
1981.125    0.4094
1981.208    0.4818
1981.292    0.3101
1981.375    0.2429
1981.458    0.3049
1981.542    0.3435
1981.625    0.3440
1981.708    0.1695
1981.792    0.1318
1981.875    0.2112
1981.958    0.4008
1982.042    0.0859
1982.125    0.1415
1982.208   -0.0162
1982.292    0.0908
1982.375    0.1535
1982.458    0.0438
1982.542    0.1266
1982.625    0.0785
1982.708    0.1495
1982.792    0.1281
1982.875    0.1406
1982.958    0.4243
1983.042    0.5128
1983.125    0.3971
1983.208    0.4208
1983.292    0.3003
1983.375    0.3465
1983.458    0.1715
1983.542    0.1476
1983.625    0.3007
1983.708    0.3815
1983.792    0.1422
1983.875    0.2972
1983.958    0.1630
1984.042    0.2945
1984.125    0.1705
1984.208    0.2816
1984.292    0.0804
1984.375    0.3286
1984.458    0.0394
1984.542    0.1576
1984.625    0.1463
1984.708    0.1903
1984.792    0.1413
1984.875    0.0392
1984.958   -0.0617
1985.042    0.2088
1985.125   -0.0635
1985.208    0.1658
1985.292    0.1076
1985.375    0.1672
1985.458    0.1659
1985.542   -0.0095
1985.625    0.1441
1985.708    0.1408
1985.792    0.1111
1985.875    0.0898
1985.958    0.1453
1986.042    0.2935
1986.125    0.3826
1986.208    0.2885
1986.292    0.2579
1986.375    0.2610
1986.458    0.1164
1986.542    0.1224
1986.625    0.1198
1986.708    0.0115
1986.792    0.1338
1986.875    0.1031
1986.958    0.1568
1987.042    0.3546
1987.125    0.4568
1987.208    0.1624
1987.292    0.2362
1987.375    0.2520
1987.458    0.3517
1987.542    0.4486
1987.625    0.2726
1987.708    0.3896
1987.792    0.3138
1987.875    0.2413
1987.958    0.4701
1988.042    0.5633
1988.125    0.4125
1988.208    0.4910
1988.292    0.4476
1988.375    0.4378
1988.458    0.4161
1988.542    0.3436
1988.625    0.4572
1988.708    0.4118
1988.792    0.3910
1988.875    0.1235
1988.958    0.3331
1989.042    0.1486
1989.125    0.3406
1989.208    0.3546
1989.292    0.3282
1989.375    0.1626
1989.458    0.1389
1989.542    0.3301
1989.625    0.3537
1989.708    0.3634
1989.792    0.3205
1989.875    0.2024
1989.958    0.3671
1990.042    0.3983
1990.125    0.4010
1990.208    0.7521
1990.292    0.5403
1990.375    0.4581
1990.458    0.3735
1990.542    0.4294
1990.625    0.2924
1990.708    0.2989
1990.792    0.4208
1990.875    0.4552
1990.958    0.4116
1991.042    0.4129
1991.125    0.5015
1991.208    0.3524
1991.292    0.5224
1991.375    0.3837
1991.458    0.5366
1991.542    0.5052
1991.625    0.4145
1991.708    0.4970
1991.792    0.3177
1991.875    0.3063
1991.958    0.3253
1992.042    0.4469
1992.125    0.4208
1992.208    0.4663
1992.292    0.2342
1992.375    0.3171
1992.458    0.2370
1992.542    0.1244
1992.625    0.0929
1992.708    0.0061
1992.792    0.1079
1992.875    0.0380
1992.958    0.2168
1993.042    0.3694
1993.125    0.3870
1993.208    0.3537
1993.292    0.2722
1993.375    0.2572
1993.458    0.2329
1993.542    0.2761
1993.625    0.1301
1993.708    0.1068
1993.792    0.2304
1993.875    0.0692
1993.958    0.1885
1994.042    0.2968
1994.125    0.0349
1994.208    0.2618
1994.292    0.4060
1994.375    0.2823
1994.458    0.4167
1994.542    0.3164
1994.625    0.2275
1994.708    0.3192
1994.792    0.4178
1994.875    0.4555
1994.958    0.3559
1995.042    0.4961
1995.125    0.7704
1995.208    0.4448
1995.292    0.4676
1995.375    0.2841
1995.458    0.4411
1995.542    0.4840
1995.625    0.4747
1995.708    0.3411
1995.792    0.4812
1995.875    0.4436
1995.958    0.2904
1996.042    0.2659
1996.125    0.4931
1996.208    0.3292
1996.292    0.3771
1996.375    0.2937
1996.458    0.2628
1996.542    0.3651
1996.625    0.4862
1996.708    0.2681
1996.792    0.1996
1996.875    0.4149
1996.958    0.4088
1997.042    0.3228
1997.125    0.3693
1997.208    0.5174
1997.292    0.3710
1997.375    0.3862
1997.458    0.5432
1997.542    0.3514
1997.625    0.4223
1997.708    0.5534
1997.792    0.6407
1997.875    0.6579
1997.958    0.5986
1998.042    0.6113
1998.125    0.8947
1998.208    0.6272
1998.292    0.6335
1998.375    0.7029
1998.458    0.7809
1998.542    0.7042
1998.625    0.6753
1998.708    0.4493
1998.792    0.4610
1998.875    0.4982
1998.958    0.5604
1999.042    0.4797
1999.125    0.6599
1999.208    0.3387
1999.292    0.3301
1999.375    0.3257
1999.458    0.3677
1999.542    0.4015
1999.625    0.3381
1999.708    0.4295
1999.792    0.4303
1999.875    0.4144
1999.958    0.4572
2000.042    0.2570
2000.125    0.5780
2000.208    0.5872
2000.292    0.5884
2000.375    0.3902
2000.458    0.4306
2000.542    0.4117
2000.625    0.4276
2000.708    0.4185
2000.792    0.2925
2000.875    0.3347
2000.958    0.3032
2001.042    0.4338
2001.125    0.4492
2001.208    0.5667
2001.292    0.5183
2001.375    0.5845
2001.458    0.5416
2001.542    0.6067
2001.625    0.4802
2001.708    0.5537
2001.792    0.5114
2001.875    0.6962
2001.958    0.5477
2002.042    0.7436
2002.125    0.7543
2002.208    0.9059
2002.292    0.5760
2002.375    0.6434
2002.458    0.5338
2002.542    0.6160
2002.625    0.5467
2002.708    0.6481
2002.792    0.5686
2002.875    0.5897
2002.958    0.4289
2003.042    0.7267
2003.125    0.5451
2003.208    0.5668
2003.292    0.5457
2003.375    0.6181
2003.458    0.4822
2003.542    0.5487
2003.625    0.6592
2003.708    0.6589
2003.792    0.7511
2003.875    0.5428
2003.958    0.7446
2004.042    0.5838
2004.125    0.7047
2004.208    0.6326
2004.292    0.6146
2004.375    0.4109
2004.458    0.4260
2004.542    0.2532
2004.625    0.4462
2004.708    0.5284
2004.792    0.6535
2004.875    0.7188
2004.958    0.4909
2005.042    0.7032
2005.125    0.5594
2005.208    0.7089
2005.292    0.6895
2005.375    0.6474
2005.458    0.6649
2005.542    0.6525
2005.625    0.6227
2005.708    0.7818
2005.792    0.7965
2005.875    0.7550
2005.958    0.6789
2006.042    0.5742
2006.125    0.6927
2006.208    0.6217
2006.292    0.5031
2006.375    0.4629
2006.458    0.6431
2006.542    0.5391
2006.625    0.7120
2006.708    0.6432
2006.792    0.6876
2006.875    0.7243
2006.958    0.7668
2007.042    0.9608
2007.125    0.7012
2007.208    0.6992
2007.292    0.7554
2007.375    0.6785
2007.458    0.5826
2007.542    0.6244
2007.625    0.6016
2007.708    0.6372
2007.792    0.5984
2007.875    0.5702
2007.958    0.4931
2008.042    0.2458
2008.125    0.3562
2008.208    0.7339
2008.292    0.5319
2008.375    0.5007
2008.458    0.4791
2008.542    0.6017
2008.625    0.4432
2008.708    0.6537
2008.792    0.6668
2008.875    0.6694
2008.958    0.5407
2009.042    0.6137
2009.125    0.5202
2009.208    0.5297
2009.292    0.6133
2009.375    0.6455
2009.458    0.6491
2009.542    0.7231
2009.625    0.6604
2009.708    0.7029
2009.792    0.6498
2009.875    0.7726
2009.958    0.6481
2010.042    0.7320
2010.125    0.7886
2010.208    0.9227
2010.292    0.8669
2010.375    0.7381
2010.458    0.6342
2010.542    0.6175
2010.625    0.6486
2010.708    0.6087
2010.792    0.7110
2010.875    0.7917
2010.958    0.4835
2011.042    0.5101
2011.125    0.5285
2011.208    0.6364
2011.292    0.6467
2011.375    0.5328
2011.458    0.5874
2011.542    0.7336
2011.625    0.7283
2011.708    0.5620
2011.792    0.6618
2011.875    0.5638
2011.958    0.5352
2012.042    0.4593
2012.125    0.4918
2012.208    0.5739
2012.292    0.6878
2012.375    0.7594
2012.458    0.6159
2012.542    0.5653
2012.625    0.6280
2012.708    0.7584
2012.792    0.7789
2012.875    0.7454
2012.958    0.5267
2013.042    0.6755
2013.125    0.5521
2013.208    0.6511
2013.292    0.5208
2013.375    0.6100
2013.458    0.6564
2013.542    0.5910
2013.625    0.6705
2013.708    0.7822
2013.792    0.6923
2013.875    0.8120
2013.958    0.6673
2014.042    0.7359
2014.125    0.5224
2014.208    0.7716
2014.292    0.7839
2014.375    0.8713
2014.458    0.6603
2014.542    0.5776
2014.625    0.8236
2014.708    0.9061
2014.792    0.8568
2014.875    0.6804
2014.958    0.7939
2015.042    0.8219
2015.125    0.8676
2015.208    0.9097
2015.292    0.7430
2015.375    0.7752
2015.458    0.7793
2015.542    0.7187
2015.625    0.7932
2015.708    0.8161
2015.792    1.0669
2015.875    1.0191
2015.958    1.1103
2016.042    1.1487
2016.125    1.3381
2016.208    1.2966
2016.292    1.0809
2016.375    0.9289
2016.458    0.7764
2016.542    0.8280
2016.625    0.9864
2016.708    0.8787
2016.792    0.8853
2016.875    0.8809
2016.958    0.7780
2017.042    0.9015
2017.125    1.0772
2017.208    1.1171
2017.292    0.8807
2017.375    0.8811
-----------------------------------
