 Nino 3.4 temperature (C)
 relative to 1951-1980 mean
 --------------------------
    year      Nino3.4
 --------------------------
  1950.042     -1.54
  1950.125     -1.38
  1950.208     -1.00
  1950.292     -1.10
  1950.375     -1.39
  1950.458     -0.86
  1950.542     -0.63
  1950.625     -0.69
  1950.708     -0.74
  1950.792     -0.60
  1950.875     -0.77
  1950.958     -1.03
  1951.042     -1.05
  1951.125     -0.86
  1951.208     -0.06
  1951.292      0.14
  1951.375      0.35
  1951.458      0.06
  1951.542      0.55
  1951.625      0.48
  1951.708      0.81
  1951.792      0.66
  1951.875      0.64
  1951.958      0.44
  1952.042      0.31
  1952.125      0.24
  1952.208      0.28
  1952.292      0.53
  1952.375      0.52
  1952.458      0.03
  1952.542     -0.10
  1952.625     -0.11
  1952.708      0.06
  1952.792      0.10
  1952.875     -0.09
  1952.958      0.11
  1953.042      0.50
  1953.125      0.62
  1953.208      0.56
  1953.292      0.73
  1953.375      0.70
  1953.458      0.73
  1953.542      0.58
  1953.625      0.54
  1953.708      0.65
  1953.792      0.69
  1953.875      0.52
  1953.958      0.63
  1954.042      0.54
  1954.125      0.49
  1954.208     -0.04
  1954.292     -0.59
  1954.375     -0.52
  1954.458     -0.41
  1954.542     -0.59
  1954.625     -0.85
  1954.708     -0.95
  1954.792     -0.77
  1954.875     -0.54
  1954.958     -0.75
  1955.042     -0.57
  1955.125     -0.71
  1955.208     -0.67
  1955.292     -0.78
  1955.375     -0.67
  1955.458     -0.62
  1955.542     -0.59
  1955.625     -0.71
  1955.708     -0.84
  1955.792     -1.77
  1955.875     -1.97
  1955.958     -1.65
  1956.042     -0.76
  1956.125     -0.51
  1956.208     -0.46
  1956.292     -0.66
  1956.375     -0.29
  1956.458     -0.37
  1956.542     -0.52
  1956.625     -0.66
  1956.708     -0.48
  1956.792     -0.58
  1956.875     -0.68
  1956.958     -0.54
  1957.042     -0.36
  1957.125     -0.10
  1957.208      0.35
  1957.292      0.66
  1957.375      0.78
  1957.458      0.83
  1957.542      1.11
  1957.625      1.12
  1957.708      0.96
  1957.792      0.93
  1957.875      1.25
  1957.958      1.42
  1958.042      1.78
  1958.125      1.62
  1958.208      1.13
  1958.292      0.78
  1958.375      0.69
  1958.458      0.71
  1958.542      0.34
  1958.625      0.26
  1958.708      0.17
  1958.792      0.33
  1958.875      0.56
  1958.958      0.40
  1959.042      0.60
  1959.125      0.59
  1959.208      0.36
  1959.292      0.37
  1959.375      0.10
  1959.458     -0.10
  1959.542     -0.47
  1959.625     -0.32
  1959.708     -0.37
  1959.792     -0.15
  1959.875     -0.27
  1959.958     -0.15
  1960.042     -0.13
  1960.125     -0.23
  1960.208     -0.13
  1960.292      0.13
  1960.375      0.02
  1960.458     -0.24
  1960.542     -0.17
  1960.625      0.19
  1960.708      0.01
  1960.792     -0.15
  1960.875     -0.05
  1960.958     -0.18
  1961.042     -0.10
  1961.125     -0.12
  1961.208     -0.18
  1961.292     -0.13
  1961.375      0.08
  1961.458      0.27
  1961.542      0.05
  1961.625     -0.30
  1961.708     -0.51
  1961.792     -0.59
  1961.875     -0.34
  1961.958     -0.31
  1962.042     -0.30
  1962.125     -0.36
  1962.208     -0.27
  1962.292     -0.27
  1962.375     -0.44
  1962.458     -0.26
  1962.542     -0.16
  1962.625     -0.19
  1962.708     -0.46
  1962.792     -0.35
  1962.875     -0.62
  1962.958     -0.63
  1963.042     -0.51
  1963.125     -0.32
  1963.208      0.07
  1963.292      0.27
  1963.375     -0.05
  1963.458      0.17
  1963.542      0.76
  1963.625      0.89
  1963.708      0.97
  1963.792      1.00
  1963.875      0.94
  1963.958      1.11
  1964.042      0.88
  1964.125      0.58
  1964.208     -0.03
  1964.292     -0.43
  1964.375     -0.63
  1964.458     -0.78
  1964.542     -0.74
  1964.625     -0.86
  1964.708     -0.96
  1964.792     -0.92
  1964.875     -1.05
  1964.958     -1.04
  1965.042     -0.67
  1965.125     -0.31
  1965.208     -0.10
  1965.292     -0.00
  1965.375      0.33
  1965.458      0.65
  1965.542      0.91
  1965.625      1.29
  1965.708      1.45
  1965.792      1.68
  1965.875      1.58
  1965.958      1.44
  1966.042      1.21
  1966.125      0.89
  1966.208      1.02
  1966.292      0.65
  1966.375      0.02
  1966.458      0.30
  1966.542      0.24
  1966.625     -0.02
  1966.708     -0.03
  1966.792     -0.05
  1966.875     -0.10
  1966.958     -0.29
  1967.042     -0.40
  1967.125     -0.42
  1967.208     -0.57
  1967.292     -0.65
  1967.375     -0.21
  1967.458      0.12
  1967.542     -0.02
  1967.625     -0.10
  1967.708     -0.50
  1967.792     -0.38
  1967.875     -0.33
  1967.958     -0.47
  1968.042     -0.72
  1968.125     -0.93
  1968.208     -0.81
  1968.292     -0.41
  1968.375     -0.33
  1968.458      0.46
  1968.542      0.53
  1968.625      0.39
  1968.708      0.28
  1968.792      0.27
  1968.875      0.71
  1968.958      0.75
  1969.042      0.95
  1969.125      1.12
  1969.208      0.79
  1969.292      0.71
  1969.375      0.67
  1969.458      0.45
  1969.542      0.23
  1969.625      0.57
  1969.708      0.76
  1969.792      0.94
  1969.875      0.72
  1969.958      0.70
  1970.042      0.54
  1970.125      0.49
  1970.208      0.30
  1970.292      0.40
  1970.375      0.13
  1970.458     -0.29
  1970.542     -0.63
  1970.625     -0.90
  1970.708     -0.76
  1970.792     -0.85
  1970.875     -0.87
  1970.958     -1.08
  1971.042     -1.49
  1971.125     -1.29
  1971.208     -1.04
  1971.292     -0.80
  1971.375     -0.59
  1971.458     -0.79
  1971.542     -0.72
  1971.625     -0.62
  1971.708     -0.63
  1971.792     -0.79
  1971.875     -0.68
  1971.958     -0.94
  1972.042     -0.68
  1972.125     -0.30
  1972.208      0.05
  1972.292      0.40
  1972.375      0.64
  1972.458      0.77
  1972.542      1.12
  1972.625      1.39
  1972.708      1.51
  1972.792      1.89
  1972.875      2.09
  1972.958      2.10
  1973.042      1.75
  1973.125      1.28
  1973.208      0.62
  1973.292      0.05
  1973.375     -0.48
  1973.458     -0.67
  1973.542     -1.04
  1973.625     -1.07
  1973.708     -1.27
  1973.792     -1.57
  1973.875     -1.97
  1973.958     -1.89
  1974.042     -1.74
  1974.125     -1.41
  1974.208     -1.14
  1974.292     -0.85
  1974.375     -0.86
  1974.458     -0.81
  1974.542     -0.55
  1974.625     -0.18
  1974.708     -0.22
  1974.792     -0.54
  1974.875     -0.71
  1974.958     -0.64
  1975.042     -0.24
  1975.125     -0.46
  1975.208     -0.69
  1975.292     -0.47
  1975.375     -0.58
  1975.458     -0.97
  1975.542     -0.88
  1975.625     -1.05
  1975.708     -1.23
  1975.792     -1.40
  1975.875     -1.29
  1975.958     -1.58
  1976.042     -1.67
  1976.125     -1.06
  1976.208     -0.50
  1976.292     -0.42
  1976.375     -0.30
  1976.458     -0.08
  1976.542      0.13
  1976.625      0.37
  1976.708      0.56
  1976.792      1.04
  1976.875      0.90
  1976.958      0.81
  1977.042      0.92
  1977.125      0.59
  1977.208      0.48
  1977.292      0.15
  1977.375      0.31
  1977.458      0.48
  1977.542      0.48
  1977.625      0.32
  1977.708      0.61
  1977.792      0.86
  1977.875      0.80
  1977.958      0.91
  1978.042      0.79
  1978.125      0.50
  1978.208      0.11
  1978.292     -0.28
  1978.375     -0.23
  1978.458     -0.29
  1978.542     -0.26
  1978.625     -0.42
  1978.708     -0.35
  1978.792     -0.16
  1978.875     -0.06
  1978.958      0.12
  1979.042      0.03
  1979.125     -0.03
  1979.208      0.33
  1979.292      0.44
  1979.375      0.24
  1979.458      0.15
  1979.542      0.03
  1979.625      0.26
  1979.708      0.67
  1979.792      0.46
  1979.875      0.62
  1979.958      0.73
  1980.042      0.70
  1980.125      0.47
  1980.208      0.30
  1980.292      0.37
  1980.375      0.51
  1980.458      0.60
  1980.542      0.44
  1980.625      0.15
  1980.708      0.16
  1980.792      0.11
  1980.875      0.20
  1980.958      0.36
  1981.042     -0.06
  1981.125     -0.36
  1981.208     -0.28
  1981.292     -0.07
  1981.375     -0.12
  1981.458     -0.03
  1981.542     -0.24
  1981.625     -0.14
  1981.708      0.10
  1981.792      0.07
  1981.875     -0.04
  1981.958      0.11
  1982.042      0.39
  1982.125      0.06
  1982.208      0.44
  1982.292      0.64
  1982.375      0.82
  1982.458      0.88
  1982.542      0.73
  1982.625      1.08
  1982.708      1.76
  1982.792      2.21
  1982.875      2.20
  1982.958      2.41
  1983.042      2.37
  1983.125      2.05
  1983.208      1.64
  1983.292      1.34
  1983.375      1.25
  1983.458      0.88
  1983.542      0.22
  1983.625      0.17
  1983.708     -0.05
  1983.792     -0.57
  1983.875     -0.74
  1983.958     -0.58
  1984.042     -0.37
  1984.125      0.09
  1984.208     -0.10
  1984.292     -0.18
  1984.375     -0.22
  1984.458     -0.38
  1984.542     -0.07
  1984.625      0.09
  1984.708     -0.01
  1984.792     -0.28
  1984.875     -0.85
  1984.958     -1.00
  1985.042     -0.78
  1985.125     -0.40
  1985.208     -0.43
  1985.292     -0.64
  1985.375     -0.53
  1985.458     -0.48
  1985.542     -0.23
  1985.625     -0.14
  1985.708     -0.29
  1985.792     -0.07
  1985.875      0.00
  1985.958     -0.08
  1986.042     -0.33
  1986.125     -0.38
  1986.208     -0.06
  1986.292      0.14
  1986.375      0.00
  1986.458      0.12
  1986.542      0.24
  1986.625      0.63
  1986.708      0.90
  1986.792      1.10
  1986.875      1.17
  1986.958      1.23
  1987.042      1.29
  1987.125      1.34
  1987.208      1.39
  1987.292      1.18
  1987.375      0.96
  1987.458      1.16
  1987.542      1.51
  1987.625      1.83
  1987.708      1.91
  1987.792      1.61
  1987.875      1.38
  1987.958      1.17
  1988.042      1.05
  1988.125      0.48
  1988.208      0.32
  1988.292      0.05
  1988.375     -0.68
  1988.458     -1.17
  1988.542     -1.28
  1988.625     -0.86
  1988.708     -0.67
  1988.792     -1.45
  1988.875     -1.64
  1988.958     -1.57
  1989.042     -1.64
  1989.125     -1.21
  1989.208     -0.88
  1989.292     -0.69
  1989.375     -0.45
  1989.458     -0.24
  1989.542     -0.17
  1989.625     -0.12
  1989.708      0.03
  1989.792     -0.05
  1989.875     -0.17
  1989.958      0.15
  1990.042      0.23
  1990.125      0.38
  1990.208      0.29
  1990.292      0.40
  1990.375      0.41
  1990.458      0.27
  1990.542      0.48
  1990.625      0.53
  1990.708      0.56
  1990.792      0.62
  1990.875      0.40
  1990.958      0.58
  1991.042      0.67
  1991.125      0.55
  1991.208      0.36
  1991.292      0.65
  1991.375      0.65
  1991.458      0.82
  1991.542      1.06
  1991.625      1.13
  1991.708      0.88
  1991.792      1.25
  1991.875      1.49
  1991.958      1.83
  1992.042      1.95
  1992.125      1.88
  1992.208      1.57
  1992.292      1.55
  1992.375      1.36
  1992.458      1.06
  1992.542      0.74
  1992.625      0.51
  1992.708      0.39
  1992.792      0.21
  1992.875      0.19
  1992.958      0.30
  1993.042      0.42
  1993.125      0.61
  1993.208      0.70
  1993.292      1.13
  1993.375      1.23
  1993.458      0.83
  1993.542      0.56
  1993.625      0.44
  1993.708      0.72
  1993.792      0.57
  1993.875      0.41
  1993.958      0.48
  1994.042      0.41
  1994.125      0.37
  1994.208      0.41
  1994.292      0.68
  1994.375      0.72
  1994.458      0.63
  1994.542      0.61
  1994.625      0.85
  1994.708      0.66
  1994.792      0.98
  1994.875      1.38
  1994.958      1.49
  1995.042      1.23
  1995.125      0.94
  1995.208      0.72
  1995.292      0.68
  1995.375      0.36
  1995.458      0.32
  1995.542      0.18
  1995.625     -0.09
  1995.708     -0.36
  1995.792     -0.50
  1995.875     -0.69
  1995.958     -0.63
  1996.042     -0.58
  1996.125     -0.56
  1996.208     -0.32
  1996.292      0.03
  1996.375      0.11
  1996.458      0.10
  1996.542      0.07
  1996.625      0.20
  1996.708      0.02
  1996.792      0.02
  1996.875     -0.07
  1996.958     -0.30
  1997.042     -0.29
  1997.125     -0.14
  1997.208     -0.05
  1997.292      0.53
  1997.375      0.88
  1997.458      1.37
  1997.542      1.72
  1997.625      2.11
  1997.708      2.38
  1997.792      2.62
  1997.875      2.62
  1997.958      2.51
  1998.042      2.48
  1998.125      2.14
  1998.208      1.60
  1998.292      1.23
  1998.375      0.99
  1998.458      0.12
  1998.542     -0.48
  1998.625     -0.77
  1998.708     -0.75
  1998.792     -0.91
  1998.875     -0.92
  1998.958     -1.25
  1999.042     -1.32
  1999.125     -1.00
  1999.208     -0.57
  1999.292     -0.52
  1999.375     -0.59
  1999.458     -0.75
  1999.542     -0.67
  1999.625     -0.74
  1999.708     -0.60
  1999.792     -0.76
  1999.875     -1.14
  1999.958     -1.33
  2000.042     -1.45
  2000.125     -1.21
  2000.208     -0.73
  2000.292     -0.47
  2000.375     -0.42
  2000.458     -0.38
  2000.542     -0.28
  2000.625     -0.17
  2000.708     -0.13
  2000.792     -0.38
  2000.875     -0.47
  2000.958     -0.57
  2001.042     -0.47
  2001.125     -0.32
  2001.208     -0.12
  2001.292     -0.02
  2001.375      0.11
  2001.458      0.21
  2001.542      0.35
  2001.625      0.29
  2001.708      0.24
  2001.792      0.24
  2001.875      0.02
  2001.958     -0.17
  2002.042      0.10
  2002.125      0.22
  2002.208      0.32
  2002.292      0.49
  2002.375      0.71
  2002.458      1.05
  2002.542      1.07
  2002.625      1.23
  2002.708      1.39
  2002.792      1.55
  2002.875      1.66
  2002.958      1.56
  2003.042      0.99
  2003.125      0.92
  2003.208      0.71
  2003.292      0.35
  2003.375     -0.07
  2003.458      0.20
  2003.542      0.54
  2003.625      0.59
  2003.708      0.63
  2003.792      0.80
  2003.875      0.71
  2003.958      0.65
  2004.042      0.50
  2004.125      0.44
  2004.208      0.37
  2004.292      0.51
  2004.375      0.49
  2004.458      0.48
  2004.542      0.87
  2004.625      1.11
  2004.708      1.18
  2004.792      1.11
  2004.875      1.00
  2004.958      1.01
  2005.042      0.94
  2005.125      0.69
  2005.208      0.81
  2005.292      0.75
  2005.375      0.77
  2005.458      0.52
  2005.542      0.19
  2005.625      0.43
  2005.708      0.43
  2005.792      0.35
  2005.875     -0.14
  2005.958     -0.44
  2006.042     -0.54
  2006.125     -0.31
  2006.208     -0.25
  2006.292      0.19
  2006.375      0.32
  2006.458      0.40
  2006.542      0.39
  2006.625      0.71
  2006.708      0.98
  2006.792      1.07
  2006.875      1.30
  2006.958      1.36
  2007.042      0.99
  2007.125      0.46
  2007.208      0.29
  2007.292      0.21
  2007.375      0.07
  2007.458      0.13
  2007.542     -0.03
  2007.625     -0.14
  2007.708     -0.46
  2007.792     -0.72
  2007.875     -0.90
  2007.958     -0.97
  2008.042     -1.24
  2008.125     -1.23
  2008.208     -0.81
  2008.292     -0.50
  2008.375     -0.39
  2008.458     -0.25
  2008.542      0.02
  2008.625      0.21
  2008.708      0.16
  2008.792      0.08
  2008.875     -0.07
  2008.958     -0.48
  2009.042     -0.65
  2009.125     -0.45
  2009.208     -0.12
  2009.292      0.29
  2009.375      0.52
  2009.458      0.70
  2009.542      0.83
  2009.625      0.92
  2009.708      1.03
  2009.792      1.30
  2009.875      1.63
  2009.958      1.70
  2010.042      1.52
  2010.125      1.37
  2010.208      1.17
  2010.292      0.87
  2010.375      0.33
  2010.458     -0.17
  2010.542     -0.51
  2010.625     -0.79
  2010.708     -1.02
  2010.792     -1.00
  2010.875     -1.03
  2010.958     -1.08
  2011.042     -1.21
  2011.125     -0.81
  2011.208     -0.49
  2011.292     -0.20
  2011.375     -0.02
  2011.458      0.15
  2011.542      0.08
  2011.625     -0.15
  2011.708     -0.40
  2011.792     -0.49
  2011.875     -0.62
  2011.958     -0.58
  2012.042     -0.51
  2012.125     -0.36
  2012.208     -0.16
  2012.292     -0.08
  2012.375      0.00
  2012.458      0.18
  2012.542      0.43
  2012.625      0.66
  2012.708      0.90
  2012.792      0.82
  2012.875      0.62
  2012.958      0.00
  2013.042     -0.30
  2013.125     -0.24
  2013.208     -0.12
  2013.292      0.21
  2013.375      0.19
  2013.458      0.04
  2013.542      0.07
  2013.625      0.20
  2013.708      0.23
  2013.792      0.21
  2013.875      0.14
  2013.958      0.07
  2014.042     -0.33
  2014.125     -0.48
  2014.208     -0.19
  2014.292      0.23
  2014.375      0.37
  2014.458      0.23
  2014.542      0.25
  2014.625      0.31
  2014.708      0.55
  2014.792      0.79
  2014.875      1.03
  2014.958      0.94
  2015.042      0.76
  2015.125      0.61
  2015.208      0.69
  2015.292      1.09
  2015.375      1.18
  2015.458      1.25
  2015.542      1.47
  2015.625      1.88
  2015.708      2.15
  2015.792      2.41
  2015.875      2.66
  2015.958      2.59
  2016.042      2.50
  2016.125      2.26
  2016.208      1.77
  2016.292      1.47
  2016.375      0.94
  2016.458      0.35
  2016.542     -0.05
  2016.625     -0.21
  2016.708     -0.28
  2016.792     -0.43
  2016.875     -0.53
  2016.958     -0.38
  2017.042     -0.21
  2017.125     -0.01
  2017.208      0.41
  2017.292      0.82
  2017.375      0.96
 --------------------------
