Global fossil-fuel CO2 annual emissions (PgC/yr)         
------------------------------------------------
Year   Total +Cement    +Gas    +Oil    Coal
------------------------------------------------
1900   0.534   0.534   0.534   0.531   0.515
1901   0.552   0.552   0.553   0.549   0.531
1902   0.566   0.566   0.566   0.562   0.543
1903   0.617   0.617   0.617   0.613   0.593
1904   0.624   0.624   0.624   0.620   0.597
1905   0.663   0.663   0.664   0.659   0.636
1906   0.707   0.707   0.708   0.703   0.680
1907   0.784   0.784   0.783   0.778   0.750
1908   0.750   0.750   0.749   0.744   0.714
1909   0.785   0.785   0.785   0.779   0.747
1910   0.819   0.819   0.819   0.812   0.778
1911   0.836   0.836   0.835   0.828   0.792
1912   0.879   0.879   0.879   0.871   0.834
1913   0.943   0.943   0.944   0.936   0.895
1914   0.850   0.850   0.850   0.842   0.800
1915   0.838   0.838   0.838   0.829   0.784
1916   0.901   0.901   0.900   0.890   0.842
1917   0.955   0.955   0.956   0.945   0.891
1918   0.936   0.936   0.936   0.926   0.873
1919   0.806   0.806   0.806   0.796   0.735
1920   0.932   0.932   0.932   0.921   0.843
1921   0.803   0.803   0.803   0.793   0.709
1922   0.845   0.845   0.845   0.834   0.740
1923   0.970   0.970   0.970   0.956   0.845
1924   0.963   0.963   0.962   0.946   0.836
1925   0.975   0.975   0.975   0.958   0.842
1926   0.983   0.983   0.984   0.965   0.846
1927   1.062   1.062   1.062   1.041   0.905
1928   1.065   1.065   1.056   1.033   0.890
1929   1.145   1.145   1.135   1.107   0.947
1930   1.053   1.053   1.042   1.014   0.862
1931   0.940   0.940   0.931   0.906   0.759
1932   0.847   0.847   0.840   0.816   0.675
1933   0.893   0.893   0.887   0.862   0.708
1934   0.973   0.973   0.965   0.937   0.775
1935   1.027   1.027   1.017   0.987   0.811
1936   1.130   1.130   1.119   1.085   0.893
1937   1.209   1.209   1.198   1.160   0.941
1938   1.142   1.142   1.131   1.094   0.880
1939   1.192   1.192   1.178   1.140   0.918
1940   1.299   1.299   1.288   1.246   1.017
1941   1.334   1.334   1.321   1.279   1.043
1942   1.342   1.342   1.330   1.285   1.063
1943   1.391   1.391   1.381   1.331   1.092
1944   1.383   1.383   1.376   1.322   1.047
1945   1.160   1.160   1.154   1.095   0.820
1946   1.238   1.238   1.228   1.167   0.875
1947   1.392   1.392   1.381   1.314   0.992
1948   1.469   1.469   1.455   1.379   1.015
1949   1.419   1.419   1.403   1.322   0.960
1950   1.630   1.607   1.590   1.493   1.070
1951   1.767   1.743   1.723   1.608   1.129
1952   1.795   1.769   1.747   1.623   1.119
1953   1.841   1.814   1.789   1.658   1.125
1954   1.865   1.838   1.811   1.673   1.116
1955   2.042   2.011   1.983   1.833   1.208
1956   2.177   2.145   2.113   1.952   1.273
1957   2.270   2.235   2.201   2.023   1.309
1958   2.330   2.295   2.259   2.067   1.336
1959   2.454   2.418   2.377   2.171   1.382
1960   2.569   2.530   2.486   2.259   1.410
1961   2.580   2.538   2.493   2.253   1.349
1962   2.686   2.642   2.594   2.331   1.351
1963   2.833   2.786   2.734   2.448   1.396
1964   2.995   2.944   2.888   2.572   1.435
1965   3.130   3.075   3.016   2.679   1.460
1966   3.288   3.228   3.165   2.801   1.478
1967   3.393   3.327   3.263   2.871   1.448
1968   3.566   3.493   3.423   2.999   1.448
1969   3.780   3.700   3.626   3.159   1.486
1970   4.053   3.966   3.888   3.395   1.556
1971   4.208   4.120   4.036   3.506   1.559
1972   4.376   4.281   4.193   3.633   1.576
1973   4.614   4.504   4.410   3.822   1.581
1974   4.623   4.516   4.421   3.824   1.579
1975   4.596   4.504   4.409   3.805   1.673
1976   4.864   4.756   4.654   4.024   1.710
1977   5.016   4.912   4.804   4.154   1.756
1978   5.074   4.968   4.852   4.172   1.780
1979   5.357   5.259   5.140   4.419   1.875
1980   5.301   5.215   5.094   4.357   1.935
1981   5.138   5.073   4.952   4.197   1.908
1982   5.094   5.030   4.910   4.172   1.976
1983   5.075   5.017   4.892   4.153   1.977
1984   5.258   5.207   5.080   4.273   2.074
1985   5.417   5.368   5.237   4.402   2.216
1986   5.583   5.537   5.400   4.570   2.277
1987   5.725   5.681   5.537   4.645   2.339
1988   5.936   5.886   5.734   4.799   2.387
1989   6.066   6.025   5.869   4.887   2.428
1990   6.074   6.034   5.877   4.851   2.359
1991   6.142   6.097   5.936   4.885   2.284
1992   6.078   6.042   5.874   4.789   2.290
1993   6.070   6.033   5.857   4.740   2.225
1994   6.174   6.135   5.950   4.817   2.278
1995   6.305   6.266   6.070   4.919   2.359
1996   6.448   6.408   6.206   5.008   2.382
1997   6.556   6.516   6.307   5.110   2.409
1998   6.576   6.540   6.330   5.106   2.343
1999   6.561   6.526   6.309   5.051   2.310
2000   6.733   6.687   6.461   5.172   2.327
2001   6.893   6.846   6.609   5.293   2.445
2002   6.994   6.945   6.692   5.350   2.518
2003   7.376   7.328   7.050   5.653   2.695
2004   7.743   7.689   7.392   5.949   2.906
2005   8.042   7.982   7.661   6.176   3.108
2006   8.336   8.274   7.918   6.384   3.293
2007   8.503   8.437   8.055   6.493   3.422
2008   8.776   8.707   8.320   6.690   3.587
2009   8.697   8.631   8.216   6.632   3.590
2010   9.128   9.061   8.615   6.919   3.812
2011   9.503   9.439   8.945   7.189   4.055
2012   9.673   9.608   9.089   7.306   4.106
2013   9.773   9.705   9.152   7.346   4.126
2014   9.855   9.787   9.220   7.397   4.117
2015   9.874   9.806   9.238   7.383   4.042
------------------------------------------------
