Global mean temperature (C)
relative to 1880-1920 mean
12-month running mean
---------------------------
    year     T_anomaly
---------------------------
  1880.500    0.0634
  1880.583    0.0790
  1880.667    0.0846
  1880.750    0.1001
  1880.833    0.1202
  1880.917    0.1286
  1881.000    0.1289
  1881.083    0.1432
  1881.167    0.1477
  1881.250    0.1544
  1881.333    0.1520
  1881.417    0.1458
  1881.500    0.1509
  1881.583    0.1683
  1881.667    0.1878
  1881.750    0.1891
  1881.833    0.1752
  1881.917    0.1640
  1882.000    0.1667
  1882.083    0.1632
  1882.167    0.1678
  1882.250    0.1745
  1882.333    0.1718
  1882.417    0.1763
  1882.500    0.1681
  1882.583    0.1318
  1882.667    0.0891
  1882.750    0.0726
  1882.833    0.0691
  1882.917    0.0627
  1883.000    0.0737
  1883.083    0.0754
  1883.167    0.0619
  1883.250    0.0472
  1883.333    0.0565
  1883.417    0.0571
  1883.500    0.0631
  1883.583    0.0760
  1883.667    0.1015
  1883.750    0.0882
  1883.833    0.0788
  1883.917    0.0735
  1884.000    0.0518
  1884.083    0.0306
  1884.167    0.0200
  1884.250    0.0160
  1884.333    0.0073
  1884.417   -0.0007
  1884.500   -0.0097
  1884.583   -0.0485
  1884.667   -0.0636
  1884.750   -0.0552
  1884.833   -0.0621
  1884.917   -0.0704
  1885.000   -0.0808
  1885.083   -0.0765
  1885.167   -0.0781
  1885.250   -0.0749
  1885.333   -0.0726
  1885.417   -0.0665
  1885.500   -0.0473
  1885.583   -0.0283
  1885.667   -0.0415
  1885.750   -0.0561
  1885.833   -0.0438
  1885.917   -0.0318
  1886.000   -0.0222
  1886.083   -0.0118
  1886.167   -0.0150
  1886.250   -0.0149
  1886.333   -0.0199
  1886.417   -0.0230
  1886.500   -0.0391
  1886.583   -0.0591
  1886.667   -0.0611
  1886.750   -0.0527
  1886.833   -0.0591
  1886.917   -0.0642
  1887.000   -0.0486
  1887.083   -0.0505
  1887.167   -0.0470
  1887.250   -0.0473
  1887.333   -0.0528
  1887.417   -0.0525
  1887.500   -0.0630
  1887.583   -0.0437
  1887.667   -0.0389
  1887.750   -0.0524
  1887.833   -0.0451
  1887.917   -0.0362
  1888.000   -0.0366
  1888.083   -0.0287
  1888.167   -0.0155
  1888.250   -0.0057
  1888.333    0.0218
  1888.417    0.0429
  1888.500    0.0639
  1888.583    0.0830
  1888.667    0.1301
  1888.750    0.1734
  1888.833    0.2008
  1888.917    0.2173
  1889.000    0.2250
  1889.083    0.2286
  1889.167    0.2234
  1889.250    0.2142
  1889.333    0.1951
  1889.417    0.1705
  1889.500    0.1558
  1889.583    0.1330
  1889.667    0.0808
  1889.750    0.0431
  1889.833    0.0081
  1889.917   -0.0292
  1890.000   -0.0425
  1890.083   -0.0626
  1890.167   -0.0779
  1890.250   -0.0920
  1890.333   -0.0926
  1890.417   -0.0984
  1890.500   -0.0982
  1890.583   -0.0971
  1890.667   -0.0987
  1890.750   -0.0771
  1890.833   -0.0672
  1890.917   -0.0419
  1891.000   -0.0372
  1891.083   -0.0311
  1891.167   -0.0189
  1891.250   -0.0006
  1891.333   -0.0014
  1891.417   -0.0016
  1891.500    0.0218
  1891.583    0.0385
  1891.667    0.0680
  1891.750    0.0501
  1891.833    0.0423
  1891.917    0.0358
  1892.000    0.0376
  1892.083    0.0329
  1892.167    0.0340
  1892.250    0.0246
  1892.333    0.0306
  1892.417    0.0202
  1892.500   -0.0022
  1892.583   -0.0374
  1892.667   -0.0679
  1892.750   -0.0579
  1892.833   -0.0560
  1892.917   -0.0641
  1893.000   -0.0674
  1893.083   -0.0559
  1893.167   -0.0591
  1893.250   -0.0533
  1893.333   -0.0532
  1893.417   -0.0258
  1893.500   -0.0334
  1893.583   -0.0227
  1893.667   -0.0069
  1893.750   -0.0046
  1893.833   -0.0121
  1893.917   -0.0083
  1894.000   -0.0250
  1894.083   -0.0402
  1894.167   -0.0440
  1894.250   -0.0477
  1894.333   -0.0482
  1894.417   -0.0550
  1894.500   -0.0419
  1894.583   -0.0323
  1894.667   -0.0410
  1894.750   -0.0475
  1894.833   -0.0316
  1894.917   -0.0258
  1895.000   -0.0099
  1895.083    0.0028
  1895.167    0.0133
  1895.250    0.0305
  1895.333    0.0358
  1895.417    0.0435
  1895.500    0.0520
  1895.583    0.0691
  1895.667    0.0922
  1895.750    0.0917
  1895.833    0.0835
  1895.917    0.0861
  1896.000    0.0951
  1896.083    0.1039
  1896.167    0.1091
  1896.250    0.1068
  1896.333    0.1187
  1896.417    0.1186
  1896.500    0.1183
  1896.583    0.1184
  1896.667    0.1148
  1896.750    0.1295
  1896.833    0.1557
  1896.917    0.1721
  1897.000    0.1734
  1897.083    0.1748
  1897.167    0.1799
  1897.250    0.1803
  1897.333    0.1693
  1897.417    0.1685
  1897.500    0.1580
  1897.583    0.1721
  1897.667    0.1609
  1897.750    0.1245
  1897.833    0.0971
  1897.917    0.0673
  1898.000    0.0597
  1898.083    0.0446
  1898.167    0.0277
  1898.250    0.0152
  1898.333   -0.0039
  1898.417   -0.0200
  1898.500   -0.0174
  1898.583   -0.0271
  1898.667   -0.0338
  1898.750   -0.0157
  1898.833   -0.0045
  1898.917    0.0086
  1899.000    0.0051
  1899.083    0.0125
  1899.167    0.0280
  1899.250    0.0426
  1899.333    0.0692
  1899.417    0.1098
  1899.500    0.1059
  1899.583    0.0882
  1899.667    0.1160
  1899.750    0.1460
  1899.833    0.1509
  1899.917    0.1630
  1900.000    0.1719
  1900.083    0.1763
  1900.167    0.1774
  1900.250    0.1802
  1900.333    0.1874
  1900.417    0.1666
  1900.500    0.1775
  1900.583    0.1877
  1900.667    0.1897
  1900.750    0.1927
  1900.833    0.2007
  1900.917    0.1919
  1901.000    0.1963
  1901.083    0.1966
  1901.167    0.1894
  1901.250    0.1750
  1901.333    0.1449
  1901.417    0.1421
  1901.500    0.1298
  1901.583    0.1372
  1901.667    0.1386
  1901.750    0.1106
  1901.833    0.0917
  1901.917    0.0796
  1902.000    0.0601
  1902.083    0.0465
  1902.167    0.0333
  1902.250    0.0300
  1902.333    0.0301
  1902.417    0.0137
  1902.500   -0.0007
  1902.583   -0.0081
  1902.667   -0.0104
  1902.750   -0.0044
  1902.833   -0.0141
  1902.917   -0.0221
  1903.000   -0.0311
  1903.083   -0.0353
  1903.167   -0.0472
  1903.250   -0.0661
  1903.333   -0.0773
  1903.417   -0.0790
  1903.500   -0.0803
  1903.583   -0.1104
  1903.667   -0.1503
  1903.750   -0.1710
  1903.833   -0.1785
  1903.917   -0.1863
  1904.000   -0.1902
  1904.083   -0.2060
  1904.167   -0.2071
  1904.250   -0.2108
  1904.333   -0.2058
  1904.417   -0.1881
  1904.500   -0.1733
  1904.583   -0.1522
  1904.667   -0.1558
  1904.750   -0.1383
  1904.833   -0.1292
  1904.917   -0.1157
  1905.000   -0.1013
  1905.083   -0.0812
  1905.167   -0.0615
  1905.250   -0.0348
  1905.333   -0.0256
  1905.417   -0.0196
  1905.500   -0.0129
  1905.583   -0.0070
  1905.667    0.0148
  1905.750    0.0228
  1905.833    0.0512
  1905.917    0.0616
  1906.000    0.0697
  1906.083    0.0685
  1906.167    0.0699
  1906.250    0.0610
  1906.333    0.0640
  1906.417    0.0394
  1906.500    0.0417
  1906.583    0.0305
  1906.667    0.0145
  1906.750    0.0074
  1906.833   -0.0230
  1906.917   -0.0436
  1907.000   -0.0618
  1907.083   -0.0702
  1907.167   -0.0856
  1907.250   -0.0917
  1907.333   -0.0949
  1907.417   -0.1054
  1907.500   -0.1321
  1907.583   -0.1336
  1907.667   -0.1203
  1907.750   -0.1486
  1907.833   -0.1540
  1907.917   -0.1494
  1908.000   -0.1461
  1908.083   -0.1457
  1908.167   -0.1531
  1908.250   -0.1538
  1908.333   -0.1698
  1908.417   -0.1695
  1908.500   -0.1691
  1908.583   -0.1896
  1908.667   -0.1990
  1908.750   -0.1943
  1908.833   -0.2049
  1908.917   -0.2161
  1909.000   -0.2265
  1909.083   -0.2327
  1909.167   -0.2197
  1909.250   -0.2228
  1909.333   -0.2190
  1909.417   -0.2034
  1909.500   -0.2074
  1909.583   -0.1851
  1909.667   -0.1820
  1909.750   -0.1790
  1909.833   -0.1622
  1909.917   -0.1458
  1910.000   -0.1333
  1910.083   -0.1241
  1910.167   -0.1277
  1910.250   -0.1271
  1910.333   -0.1267
  1910.417   -0.1464
  1910.500   -0.1582
  1910.583   -0.1745
  1910.667   -0.1883
  1910.750   -0.1990
  1910.833   -0.2126
  1910.917   -0.2267
  1911.000   -0.2342
  1911.083   -0.2413
  1911.167   -0.2481
  1911.250   -0.2492
  1911.333   -0.2383
  1911.417   -0.2078
  1911.500   -0.1708
  1911.583   -0.1401
  1911.667   -0.1020
  1911.750   -0.0819
  1911.833   -0.0526
  1911.917   -0.0262
  1912.000   -0.0092
  1912.083   -0.0100
  1912.167   -0.0180
  1912.250   -0.0263
  1912.333   -0.0516
  1912.417   -0.0668
  1912.500   -0.0822
  1912.583   -0.0951
  1912.667   -0.1196
  1912.750   -0.1246
  1912.833   -0.1387
  1912.917   -0.1604
  1913.000   -0.1777
  1913.083   -0.1724
  1913.167   -0.1575
  1913.250   -0.1460
  1913.333   -0.1285
  1913.417   -0.1123
  1913.500   -0.0797
  1913.583   -0.0433
  1913.667   -0.0180
  1913.750   -0.0008
  1913.833    0.0065
  1913.917    0.0273
  1914.000    0.0459
  1914.083    0.0545
  1914.167    0.0708
  1914.250    0.0879
  1914.333    0.1121
  1914.417    0.1097
  1914.500    0.1050
  1914.583    0.0879
  1914.667    0.0986
  1914.750    0.1084
  1914.833    0.1379
  1914.917    0.1537
  1915.000    0.1610
  1915.083    0.1792
  1915.167    0.1784
  1915.250    0.1787
  1915.333    0.1645
  1915.417    0.1712
  1915.500    0.1587
  1915.583    0.1593
  1915.667    0.1417
  1915.750    0.1246
  1915.833    0.0982
  1915.917    0.0775
  1916.000    0.0537
  1916.083    0.0276
  1916.167    0.0186
  1916.250    0.0055
  1916.333    0.0015
  1916.417   -0.0215
  1916.500   -0.0656
  1916.583   -0.0891
  1916.667   -0.1157
  1916.750   -0.1291
  1916.833   -0.1403
  1916.917   -0.1585
  1917.000   -0.1556
  1917.083   -0.1461
  1917.167   -0.1456
  1917.250   -0.1366
  1917.333   -0.1430
  1917.417   -0.1315
  1917.500   -0.1265
  1917.583   -0.1229
  1917.667   -0.1035
  1917.750   -0.0796
  1917.833   -0.0802
  1917.917   -0.0705
  1918.000   -0.0599
  1918.083   -0.0575
  1918.167   -0.0569
  1918.250   -0.0529
  1918.333   -0.0260
  1918.417   -0.0167
  1918.500    0.0185
  1918.583    0.0365
  1918.667    0.0449
  1918.750    0.0402
  1918.833    0.0585
  1918.917    0.0726
  1919.000    0.0733
  1919.083    0.0734
  1919.167    0.0785
  1919.250    0.0757
  1919.333    0.0657
  1919.417    0.0544
  1919.500    0.0496
  1919.583    0.0543
  1919.667    0.0523
  1919.750    0.0667
  1919.833    0.0596
  1919.917    0.0556
  1920.000    0.0516
  1920.083    0.0424
  1920.167    0.0347
  1920.250    0.0327
  1920.333    0.0214
  1920.417    0.0184
  1920.500    0.0086
  1920.583    0.0179
  1920.667    0.0197
  1920.750    0.0029
  1920.833   -0.0060
  1920.917   -0.0148
  1921.000   -0.0138
  1921.083   -0.0005
  1921.167    0.0038
  1921.250    0.0063
  1921.333    0.0254
  1921.417    0.0396
  1921.500    0.0635
  1921.583    0.0381
  1921.667    0.0199
  1921.750    0.0326
  1921.833    0.0453
  1921.917    0.0467
  1922.000    0.0453
  1922.083    0.0364
  1922.167    0.0310
  1922.250    0.0214
  1922.333   -0.0009
  1922.417   -0.0013
  1922.500   -0.0002
  1922.583    0.0068
  1922.667    0.0120
  1922.750   -0.0043
  1922.833   -0.0176
  1922.917   -0.0169
  1923.000   -0.0088
  1923.083   -0.0111
  1923.167   -0.0104
  1923.250   -0.0095
  1923.333    0.0075
  1923.417    0.0242
  1923.500    0.0341
  1923.583    0.0359
  1923.667    0.0435
  1923.750    0.0599
  1923.833    0.0615
  1923.917    0.0730
  1924.000    0.0695
  1924.083    0.0713
  1924.167    0.0666
  1924.250    0.0641
  1924.333    0.0446
  1924.417    0.0227
  1924.500   -0.0086
  1924.583   -0.0162
  1924.667   -0.0218
  1924.750   -0.0307
  1924.833   -0.0224
  1924.917   -0.0311
  1925.000   -0.0364
  1925.083   -0.0395
  1925.167   -0.0256
  1925.250   -0.0119
  1925.333    0.0033
  1925.417    0.0253
  1925.500    0.0694
  1925.583    0.1135
  1925.667    0.1480
  1925.750    0.1772
  1925.833    0.1861
  1925.917    0.1904
  1926.000    0.1979
  1926.083    0.2057
  1926.167    0.2118
  1926.250    0.2138
  1926.333    0.2187
  1926.417    0.2104
  1926.500    0.1757
  1926.583    0.1358
  1926.667    0.1119
  1926.750    0.0699
  1926.833    0.0564
  1926.917    0.0557
  1927.000    0.0533
  1927.083    0.0589
  1927.167    0.0518
  1927.250    0.0561
  1927.333    0.0648
  1927.417    0.0669
  1927.500    0.0635
  1927.583    0.0841
  1927.667    0.0920
  1927.750    0.0999
  1927.833    0.1010
  1927.917    0.0971
  1928.000    0.0855
  1928.083    0.0792
  1928.167    0.0740
  1928.250    0.0625
  1928.333    0.0473
  1928.417    0.0422
  1928.500    0.0546
  1928.583    0.0183
  1928.667   -0.0222
  1928.750   -0.0265
  1928.833   -0.0367
  1928.917   -0.0444
  1929.000   -0.0463
  1929.083   -0.0565
  1929.167   -0.0602
  1929.250   -0.0642
  1929.333   -0.0609
  1929.417   -0.0652
  1929.500   -0.0944
  1929.583   -0.0805
  1929.667   -0.0512
  1929.750   -0.0308
  1929.833   -0.0188
  1929.917   -0.0078
  1930.000    0.0119
  1930.083    0.0262
  1930.167    0.0422
  1930.250    0.0527
  1930.333    0.0579
  1930.417    0.0810
  1930.500    0.1194
  1930.583    0.1351
  1930.667    0.1377
  1930.750    0.1400
  1930.833    0.1444
  1930.917    0.1475
  1931.000    0.1589
  1931.083    0.1729
  1931.167    0.1808
  1931.250    0.1850
  1931.333    0.1917
  1931.417    0.1705
  1931.500    0.1693
  1931.583    0.1897
  1931.667    0.1931
  1931.750    0.1812
  1931.833    0.1925
  1931.917    0.1919
  1932.000    0.1718
  1932.083    0.1514
  1932.167    0.1323
  1932.250    0.1278
  1932.333    0.1199
  1932.417    0.1083
  1932.500    0.0987
  1932.583    0.0586
  1932.667    0.0462
  1932.750    0.0391
  1932.833    0.0260
  1932.917    0.0234
  1933.000    0.0217
  1933.083    0.0248
  1933.167    0.0256
  1933.250    0.0133
  1933.333    0.0017
  1933.417   -0.0029
  1933.500   -0.0235
  1933.583   -0.0173
  1933.667    0.0061
  1933.750    0.0044
  1933.833    0.0018
  1933.917    0.0141
  1934.000    0.0292
  1934.083    0.0368
  1934.167    0.0475
  1934.250    0.0566
  1934.333    0.0674
  1934.417    0.0927
  1934.500    0.1245
  1934.583    0.1162
  1934.667    0.1296
  1934.750    0.1442
  1934.833    0.1378
  1934.917    0.1254
  1935.000    0.1182
  1935.083    0.1114
  1935.167    0.1057
  1935.250    0.1048
  1935.333    0.1073
  1935.417    0.0845
  1935.500    0.0735
  1935.583    0.0801
  1935.667    0.0378
  1935.750    0.0295
  1935.833    0.0413
  1935.917    0.0490
  1936.000    0.0520
  1936.083    0.0629
  1936.167    0.0672
  1936.250    0.0760
  1936.333    0.0796
  1936.417    0.0995
  1936.500    0.1146
  1936.583    0.1297
  1936.667    0.1669
  1936.750    0.1724
  1936.833    0.1750
  1936.917    0.1830
  1937.000    0.1925
  1937.083    0.1938
  1937.167    0.2062
  1937.250    0.2233
  1937.333    0.2342
  1937.417    0.2461
  1937.500    0.2391
  1937.583    0.2482
  1937.667    0.2404
  1937.750    0.2585
  1937.833    0.2768
  1937.917    0.2763
  1938.000    0.2682
  1938.083    0.2648
  1938.167    0.2586
  1938.250    0.2493
  1938.333    0.2505
  1938.417    0.2435
  1938.500    0.2318
  1938.583    0.2210
  1938.667    0.2142
  1938.750    0.1931
  1938.833    0.1791
  1938.917    0.1792
  1939.000    0.1866
  1939.083    0.1890
  1939.167    0.1884
  1939.250    0.1858
  1939.333    0.1738
  1939.417    0.1774
  1939.500    0.2323
  1939.583    0.2302
  1939.667    0.2452
  1939.750    0.2716
  1939.833    0.2949
  1939.917    0.3054
  1940.000    0.3162
  1940.083    0.3291
  1940.167    0.3337
  1940.250    0.3432
  1940.333    0.3521
  1940.417    0.3578
  1940.500    0.3403
  1940.583    0.3637
  1940.667    0.3776
  1940.750    0.3723
  1940.833    0.3678
  1940.917    0.3718
  1941.000    0.3710
  1941.083    0.3750
  1941.167    0.3861
  1941.250    0.3781
  1941.333    0.3921
  1941.417    0.3917
  1941.500    0.3870
  1941.583    0.3978
  1941.667    0.3824
  1941.750    0.3883
  1941.833    0.3909
  1941.917    0.3939
  1942.000    0.3994
  1942.083    0.3883
  1942.167    0.3740
  1942.250    0.3715
  1942.333    0.3565
  1942.417    0.3571
  1942.500    0.3553
  1942.583    0.3332
  1942.667    0.3475
  1942.750    0.3387
  1942.833    0.3379
  1942.917    0.3343
  1943.000    0.3249
  1943.083    0.3351
  1943.167    0.3402
  1943.250    0.3499
  1943.333    0.3692
  1943.417    0.3796
  1943.500    0.3936
  1943.583    0.4282
  1943.667    0.4359
  1943.750    0.4622
  1943.833    0.4736
  1943.917    0.4872
  1944.000    0.5063
  1944.083    0.5132
  1944.167    0.5296
  1944.250    0.5458
  1944.333    0.5433
  1944.417    0.5321
  1944.500    0.5125
  1944.583    0.4898
  1944.667    0.4659
  1944.750    0.4468
  1944.833    0.4441
  1944.917    0.4307
  1945.000    0.4139
  1945.083    0.4009
  1945.167    0.4026
  1945.250    0.3950
  1945.333    0.3909
  1945.417    0.3894
  1945.500    0.3773
  1945.583    0.3786
  1945.667    0.3816
  1945.750    0.3724
  1945.833    0.3620
  1945.917    0.3509
  1946.000    0.3355
  1946.083    0.3225
  1946.167    0.2952
  1946.250    0.2758
  1946.333    0.2530
  1946.417    0.2430
  1946.500    0.2270
  1946.583    0.2038
  1946.667    0.1925
  1946.750    0.1965
  1946.833    0.1905
  1946.917    0.1878
  1947.000    0.2014
  1947.083    0.2035
  1947.167    0.2030
  1947.250    0.1928
  1947.333    0.2024
  1947.417    0.2033
  1947.500    0.2123
  1947.583    0.2268
  1947.667    0.2220
  1947.750    0.1988
  1947.833    0.1876
  1947.917    0.1995
  1948.000    0.1951
  1948.083    0.1896
  1948.167    0.1884
  1948.250    0.1915
  1948.333    0.1809
  1948.417    0.1745
  1948.500    0.1701
  1948.583    0.1737
  1948.667    0.1709
  1948.750    0.1893
  1948.833    0.1909
  1948.917    0.1770
  1949.000    0.1626
  1949.083    0.1619
  1949.167    0.1634
  1949.250    0.1646
  1949.333    0.1675
  1949.417    0.1675
  1949.500    0.1706
  1949.583    0.1379
  1949.667    0.1298
  1949.750    0.1249
  1949.833    0.1135
  1949.917    0.1108
  1950.000    0.1241
  1950.083    0.1280
  1950.167    0.1200
  1950.250    0.1186
  1950.333    0.1046
  1950.417    0.0824
  1950.500    0.0818
  1950.583    0.0778
  1950.667    0.0631
  1950.750    0.0531
  1950.833    0.0622
  1950.917    0.0706
  1951.000    0.0720
  1951.083    0.0793
  1951.167    0.0979
  1951.250    0.1127
  1951.333    0.1342
  1951.417    0.1629
  1951.500    0.1920
  1951.583    0.2343
  1951.667    0.2812
  1951.750    0.2888
  1951.833    0.2986
  1951.917    0.2962
  1952.000    0.2965
  1952.083    0.3005
  1952.167    0.3023
  1952.250    0.3025
  1952.333    0.2945
  1952.417    0.2809
  1952.500    0.2673
  1952.583    0.2614
  1952.667    0.2639
  1952.750    0.2810
  1952.833    0.2966
  1952.917    0.3076
  1953.000    0.3178
  1953.083    0.3158
  1953.167    0.3168
  1953.250    0.3153
  1953.333    0.3222
  1953.417    0.3318
  1953.500    0.3361
  1953.583    0.3053
  1953.667    0.2842
  1953.750    0.2651
  1953.833    0.2333
  1953.917    0.2101
  1954.000    0.1908
  1954.083    0.1753
  1954.167    0.1580
  1954.250    0.1476
  1954.333    0.1426
  1954.417    0.1535
  1954.500    0.1357
  1954.583    0.1685
  1954.667    0.1591
  1954.750    0.1393
  1954.833    0.1348
  1954.917    0.1341
  1955.000    0.1406
  1955.083    0.1466
  1955.167    0.1603
  1955.250    0.1555
  1955.333    0.1525
  1955.417    0.1229
  1955.500    0.1109
  1955.583    0.0881
  1955.667    0.0849
  1955.750    0.0958
  1955.833    0.0934
  1955.917    0.0866
  1956.000    0.0806
  1956.083    0.0784
  1956.167    0.0542
  1956.250    0.0468
  1956.333    0.0308
  1956.417    0.0397
  1956.500    0.0582
  1956.583    0.0603
  1956.667    0.0766
  1956.750    0.0909
  1956.833    0.1100
  1956.917    0.1400
  1957.000    0.1658
  1957.083    0.1763
  1957.167    0.2092
  1957.250    0.2324
  1957.333    0.2530
  1957.417    0.2732
  1957.500    0.2951
  1957.583    0.3394
  1957.667    0.3639
  1957.750    0.3763
  1957.833    0.3801
  1957.917    0.3807
  1958.000    0.3625
  1958.083    0.3661
  1958.167    0.3493
  1958.250    0.3417
  1958.333    0.3438
  1958.417    0.3398
  1958.500    0.3269
  1958.583    0.2992
  1958.667    0.2870
  1958.750    0.2952
  1958.833    0.3080
  1958.917    0.3056
  1959.000    0.3120
  1959.083    0.3126
  1959.167    0.3166
  1959.250    0.3137
  1959.333    0.3035
  1959.417    0.2941
  1959.500    0.2910
  1959.583    0.2848
  1959.667    0.2888
  1959.750    0.2428
  1959.833    0.2154
  1959.917    0.2043
  1960.000    0.2031
  1960.083    0.1965
  1960.167    0.1968
  1960.250    0.2057
  1960.333    0.2188
  1960.417    0.2165
  1960.500    0.2334
  1960.583    0.2400
  1960.667    0.2430
  1960.750    0.2801
  1960.833    0.3058
  1960.917    0.3226
  1961.000    0.3318
  1961.083    0.3309
  1961.167    0.3329
  1961.250    0.3336
  1961.333    0.3277
  1961.417    0.3399
  1961.500    0.3130
  1961.583    0.3139
  1961.667    0.3109
  1961.750    0.3137
  1961.833    0.3057
  1961.917    0.2907
  1962.000    0.2855
  1962.083    0.2861
  1962.167    0.2827
  1962.250    0.2777
  1962.333    0.2759
  1962.417    0.2788
  1962.500    0.2903
  1962.583    0.2818
  1962.667    0.2863
  1962.750    0.2651
  1962.833    0.2568
  1962.917    0.2538
  1963.000    0.2516
  1963.083    0.2601
  1963.167    0.2826
  1963.250    0.2997
  1963.333    0.3147
  1963.417    0.3221
  1963.500    0.3232
  1963.583    0.3205
  1963.667    0.2943
  1963.750    0.2868
  1963.833    0.2660
  1963.917    0.2526
  1964.000    0.2444
  1964.083    0.2318
  1964.167    0.1940
  1964.250    0.1538
  1964.333    0.1155
  1964.417    0.0851
  1964.500    0.0602
  1964.583    0.0578
  1964.667    0.0533
  1964.750    0.0626
  1964.833    0.0714
  1964.917    0.0808
  1965.000    0.0799
  1965.083    0.0756
  1965.167    0.0922
  1965.250    0.1036
  1965.333    0.1254
  1965.417    0.1382
  1965.500    0.1586
  1965.583    0.1524
  1965.667    0.1665
  1965.750    0.1791
  1965.833    0.1841
  1965.917    0.1872
  1966.000    0.1951
  1966.083    0.2121
  1966.167    0.2039
  1966.250    0.2149
  1966.333    0.2060
  1966.417    0.2087
  1966.500    0.2078
  1966.583    0.2161
  1966.667    0.1999
  1966.750    0.1992
  1966.833    0.2064
  1966.917    0.2263
  1967.000    0.2180
  1967.083    0.2114
  1967.167    0.2220
  1967.250    0.2196
  1967.333    0.2372
  1967.417    0.2338
  1967.500    0.2370
  1967.583    0.2228
  1967.667    0.2269
  1967.750    0.2412
  1967.833    0.2409
  1967.917    0.2208
  1968.000    0.2226
  1968.083    0.2132
  1968.167    0.2023
  1968.250    0.1905
  1968.333    0.1951
  1968.417    0.1969
  1968.500    0.1874
  1968.583    0.1976
  1968.667    0.1982
  1968.750    0.1813
  1968.833    0.2011
  1968.917    0.2262
  1969.000    0.2357
  1969.083    0.2433
  1969.167    0.2553
  1969.250    0.2791
  1969.333    0.2781
  1969.417    0.2913
  1969.500    0.3252
  1969.583    0.3421
  1969.667    0.3722
  1969.750    0.3783
  1969.833    0.3704
  1969.917    0.3499
  1970.000    0.3433
  1970.083    0.3411
  1970.167    0.3291
  1970.250    0.3297
  1970.333    0.3244
  1970.417    0.3158
  1970.500    0.2823
  1970.583    0.2725
  1970.667    0.2368
  1970.750    0.2153
  1970.833    0.1999
  1970.917    0.1984
  1971.000    0.1858
  1971.083    0.1787
  1971.167    0.1848
  1971.250    0.1746
  1971.333    0.1662
  1971.417    0.1619
  1971.500    0.1660
  1971.583    0.1479
  1971.667    0.1507
  1971.750    0.1676
  1971.833    0.1743
  1971.917    0.1775
  1972.000    0.1956
  1972.083    0.2080
  1972.167    0.2263
  1972.250    0.2300
  1972.333    0.2419
  1972.417    0.2478
  1972.500    0.2698
  1972.583    0.3128
  1972.667    0.3521
  1972.750    0.3715
  1972.833    0.3937
  1972.917    0.4171
  1973.000    0.4269
  1973.083    0.4325
  1973.167    0.4189
  1973.250    0.4215
  1973.333    0.4241
  1973.417    0.4266
  1973.500    0.4067
  1973.583    0.3715
  1973.667    0.3232
  1973.750    0.2978
  1973.833    0.2683
  1973.917    0.2464
  1974.000    0.2291
  1974.083    0.2187
  1974.167    0.2266
  1974.250    0.2109
  1974.333    0.1950
  1974.417    0.1839
  1974.500    0.1814
  1974.583    0.1997
  1974.667    0.2288
  1974.750    0.2444
  1974.833    0.2575
  1974.917    0.2715
  1975.000    0.2743
  1975.083    0.2747
  1975.167    0.2488
  1975.250    0.2567
  1975.333    0.2549
  1975.417    0.2475
  1975.500    0.2405
  1975.583    0.2340
  1975.667    0.2230
  1975.750    0.1939
  1975.833    0.1809
  1975.917    0.1483
  1976.000    0.1373
  1976.083    0.1293
  1976.167    0.1306
  1976.250    0.1252
  1976.333    0.1112
  1976.417    0.1196
  1976.500    0.1412
  1976.583    0.1566
  1976.667    0.1786
  1976.750    0.2173
  1976.833    0.2479
  1976.917    0.2919
  1977.000    0.3248
  1977.083    0.3544
  1977.167    0.3853
  1977.250    0.3948
  1977.333    0.4200
  1977.417    0.4412
  1977.500    0.4376
  1977.583    0.4290
  1977.667    0.4237
  1977.750    0.4199
  1977.833    0.4102
  1977.917    0.3911
  1978.000    0.3681
  1978.083    0.3543
  1978.167    0.3240
  1978.250    0.3264
  1978.333    0.3230
  1978.417    0.3201
  1978.500    0.3260
  1978.583    0.3312
  1978.667    0.3122
  1978.750    0.3109
  1978.833    0.3084
  1978.917    0.3073
  1979.000    0.3213
  1979.083    0.3178
  1979.167    0.3442
  1979.250    0.3625
  1979.333    0.3835
  1979.417    0.3944
  1979.500    0.4240
  1979.583    0.4372
  1979.667    0.4797
  1979.750    0.4878
  1979.833    0.5039
  1979.917    0.5279
  1980.000    0.5299
  1980.083    0.5513
  1980.167    0.5597
  1980.250    0.5546
  1980.333    0.5498
  1980.417    0.5500
  1980.500    0.5282
  1980.583    0.5496
  1980.667    0.5487
  1980.750    0.5650
  1980.833    0.5647
  1980.917    0.5565
  1981.000    0.5685
  1981.083    0.5738
  1981.167    0.5822
  1981.250    0.5789
  1981.333    0.5736
  1981.417    0.5666
  1981.500    0.5829
  1981.583    0.5439
  1981.667    0.5216
  1981.750    0.4802
  1981.833    0.4619
  1981.917    0.4545
  1982.000    0.4329
  1982.083    0.4149
  1982.167    0.3929
  1982.250    0.3915
  1982.333    0.3912
  1982.417    0.3853
  1982.500    0.3871
  1982.583    0.4229
  1982.667    0.4442
  1982.750    0.4806
  1982.833    0.4980
  1982.917    0.5141
  1983.000    0.5247
  1983.083    0.5264
  1983.167    0.5447
  1983.250    0.5640
  1983.333    0.5652
  1983.417    0.5782
  1983.500    0.5565
  1983.583    0.5381
  1983.667    0.5191
  1983.750    0.5075
  1983.833    0.4891
  1983.917    0.4876
  1984.000    0.4766
  1984.083    0.4775
  1984.167    0.4647
  1984.250    0.4490
  1984.333    0.4490
  1984.417    0.4275
  1984.500    0.4088
  1984.583    0.4017
  1984.667    0.3823
  1984.750    0.3726
  1984.833    0.3748
  1984.917    0.3613
  1985.000    0.3719
  1985.083    0.3579
  1985.167    0.3577
  1985.250    0.3535
  1985.333    0.3509
  1985.417    0.3552
  1985.500    0.3726
  1985.583    0.3797
  1985.667    0.4169
  1985.750    0.4271
  1985.833    0.4396
  1985.917    0.4475
  1986.000    0.4434
  1986.083    0.4545
  1986.167    0.4523
  1986.250    0.4416
  1986.333    0.4435
  1986.417    0.4447
  1986.500    0.4454
  1986.583    0.4505
  1986.667    0.4567
  1986.750    0.4461
  1986.833    0.4443
  1986.917    0.4434
  1987.000    0.4629
  1987.083    0.4901
  1987.167    0.5030
  1987.250    0.5345
  1987.333    0.5495
  1987.417    0.5610
  1987.500    0.5872
  1987.583    0.6047
  1987.667    0.6011
  1987.750    0.6286
  1987.833    0.6463
  1987.917    0.6621
  1988.000    0.6676
  1988.083    0.6590
  1988.167    0.6744
  1988.250    0.6763
  1988.333    0.6827
  1988.417    0.6727
  1988.500    0.6612
  1988.583    0.6266
  1988.667    0.6206
  1988.750    0.6092
  1988.833    0.5990
  1988.917    0.5760
  1989.000    0.5527
  1989.083    0.5515
  1989.167    0.5427
  1989.250    0.5386
  1989.333    0.5327
  1989.417    0.5394
  1989.500    0.5424
  1989.583    0.5632
  1989.667    0.5682
  1989.750    0.6012
  1989.833    0.6190
  1989.917    0.6437
  1990.000    0.6634
  1990.083    0.6717
  1990.167    0.6667
  1990.250    0.6613
  1990.333    0.6695
  1990.417    0.6905
  1990.500    0.6940
  1990.583    0.6952
  1990.667    0.7036
  1990.750    0.6705
  1990.833    0.6689
  1990.917    0.6629
  1991.000    0.6764
  1991.083    0.6828
  1991.167    0.6929
  1991.250    0.7094
  1991.333    0.7008
  1991.417    0.6883
  1991.500    0.6810
  1991.583    0.6838
  1991.667    0.6769
  1991.750    0.6866
  1991.833    0.6627
  1991.917    0.6569
  1992.000    0.6318
  1992.083    0.5999
  1992.167    0.5730
  1992.250    0.5320
  1992.333    0.5146
  1992.417    0.4923
  1992.500    0.4832
  1992.583    0.4767
  1992.667    0.4739
  1992.750    0.4641
  1992.833    0.4673
  1992.917    0.4624
  1993.000    0.4621
  1993.083    0.4748
  1993.167    0.4781
  1993.250    0.4866
  1993.333    0.4970
  1993.417    0.4998
  1993.500    0.4975
  1993.583    0.4915
  1993.667    0.4623
  1993.750    0.4546
  1993.833    0.4658
  1993.917    0.4678
  1994.000    0.4831
  1994.083    0.4866
  1994.167    0.4948
  1994.250    0.5125
  1994.333    0.5281
  1994.417    0.5602
  1994.500    0.5742
  1994.583    0.5909
  1994.667    0.6521
  1994.750    0.6675
  1994.833    0.6725
  1994.917    0.6723
  1995.000    0.6744
  1995.083    0.6882
  1995.167    0.7089
  1995.250    0.7107
  1995.333    0.7160
  1995.417    0.7150
  1995.500    0.7094
  1995.583    0.6902
  1995.667    0.6669
  1995.750    0.6578
  1995.833    0.6501
  1995.917    0.6508
  1996.000    0.6359
  1996.083    0.6259
  1996.167    0.6265
  1996.250    0.6204
  1996.333    0.5969
  1996.417    0.5946
  1996.500    0.6045
  1996.583    0.6091
  1996.667    0.5987
  1996.750    0.6140
  1996.833    0.6137
  1996.917    0.6219
  1997.000    0.6453
  1997.083    0.6444
  1997.167    0.6393
  1997.250    0.6630
  1997.333    0.6998
  1997.417    0.7201
  1997.500    0.7360
  1997.583    0.7602
  1997.667    0.8041
  1997.750    0.8134
  1997.833    0.8354
  1997.917    0.8620
  1998.000    0.8819
  1998.083    0.9113
  1998.167    0.9324
  1998.250    0.9239
  1998.333    0.9089
  1998.417    0.8958
  1998.500    0.8926
  1998.583    0.8816
  1998.667    0.8622
  1998.750    0.8384
  1998.833    0.8133
  1998.917    0.7817
  1999.000    0.7473
  1999.083    0.7222
  1999.167    0.6942
  1999.250    0.6924
  1999.333    0.6900
  1999.417    0.6829
  1999.500    0.6743
  1999.583    0.6559
  1999.667    0.6490
  1999.750    0.6704
  1999.833    0.6917
  1999.917    0.6971
  2000.000    0.7023
  2000.083    0.7032
  2000.167    0.7105
  2000.250    0.7097
  2000.333    0.6981
  2000.417    0.6915
  2000.500    0.6787
  2000.583    0.6934
  2000.667    0.6828
  2000.750    0.6808
  2000.833    0.6749
  2000.917    0.6910
  2001.000    0.7002
  2001.083    0.7163
  2001.167    0.7207
  2001.250    0.7320
  2001.333    0.7502
  2001.417    0.7802
  2001.500    0.8005
  2001.583    0.8263
  2001.667    0.8517
  2001.750    0.8795
  2001.833    0.8844
  2001.917    0.8899
  2002.000    0.8894
  2002.083    0.8903
  2002.167    0.8960
  2002.250    0.9040
  2002.333    0.9089
  2002.417    0.9002
  2002.500    0.8904
  2002.583    0.8890
  2002.667    0.8716
  2002.750    0.8436
  2002.833    0.8410
  2002.917    0.8386
  2003.000    0.8340
  2003.083    0.8282
  2003.167    0.8377
  2003.250    0.8386
  2003.333    0.8538
  2003.417    0.8498
  2003.500    0.8761
  2003.583    0.8641
  2003.667    0.8773
  2003.750    0.8832
  2003.833    0.8893
  2003.917    0.8723
  2004.000    0.8677
  2004.083    0.8431
  2004.167    0.8252
  2004.250    0.8144
  2004.333    0.8065
  2004.417    0.8214
  2004.500    0.8007
  2004.583    0.8106
  2004.667    0.7990
  2004.750    0.8048
  2004.833    0.8108
  2004.917    0.8304
  2005.000    0.8504
  2005.083    0.8840
  2005.167    0.8990
  2005.250    0.9200
  2005.333    0.9315
  2005.417    0.9345
  2005.500    0.9496
  2005.583    0.9386
  2005.667    0.9492
  2005.750    0.9420
  2005.833    0.9261
  2005.917    0.9105
  2006.000    0.9084
  2006.083    0.8984
  2006.167    0.9054
  2006.250    0.8937
  2006.333    0.8845
  2006.417    0.8816
  2006.500    0.8887
  2006.583    0.9209
  2006.667    0.9215
  2006.750    0.9280
  2006.833    0.9489
  2006.917    0.9660
  2007.000    0.9611
  2007.083    0.9683
  2007.167    0.9589
  2007.250    0.9584
  2007.333    0.9509
  2007.417    0.9379
  2007.500    0.9151
  2007.583    0.8554
  2007.667    0.8266
  2007.750    0.8289
  2007.833    0.8103
  2007.917    0.7964
  2008.000    0.7877
  2008.083    0.7859
  2008.167    0.7727
  2008.250    0.7739
  2008.333    0.7797
  2008.417    0.7882
  2008.500    0.7922
  2008.583    0.8232
  2008.667    0.8372
  2008.750    0.8208
  2008.833    0.8277
  2008.917    0.8398
  2009.000    0.8540
  2009.083    0.8641
  2009.167    0.8823
  2009.250    0.8866
  2009.333    0.8854
  2009.417    0.8942
  2009.500    0.9034
  2009.583    0.9134
  2009.667    0.9356
  2009.750    0.9681
  2009.833    0.9893
  2009.917    0.9973
  2010.000    0.9962
  2010.083    0.9876
  2010.167    0.9868
  2010.250    0.9791
  2010.333    0.9842
  2010.417    0.9858
  2010.500    0.9722
  2010.583    0.9535
  2010.667    0.9318
  2010.750    0.9085
  2010.833    0.8901
  2010.917    0.8722
  2011.000    0.8681
  2011.083    0.8776
  2011.167    0.8840
  2011.250    0.8801
  2011.333    0.8760
  2011.417    0.8569
  2011.500    0.8610
  2011.583    0.8570
  2011.667    0.8537
  2011.750    0.8483
  2011.833    0.8517
  2011.917    0.8710
  2012.000    0.8734
  2012.083    0.8594
  2012.167    0.8512
  2012.250    0.8675
  2012.333    0.8770
  2012.417    0.8921
  2012.500    0.8914
  2012.583    0.9092
  2012.667    0.9141
  2012.750    0.9211
  2012.833    0.9072
  2012.917    0.8943
  2013.000    0.8975
  2013.083    0.8995
  2013.167    0.9028
  2013.250    0.9045
  2013.333    0.8972
  2013.417    0.9024
  2013.500    0.9137
  2013.583    0.9185
  2013.667    0.9161
  2013.750    0.9259
  2013.833    0.9476
  2013.917    0.9690
  2014.000    0.9692
  2014.083    0.9680
  2014.167    0.9806
  2014.250    0.9907
  2014.333    1.0040
  2014.417    0.9929
  2014.500    1.0034
  2014.583    1.0099
  2014.667    1.0381
  2014.750    1.0487
  2014.833    1.0449
  2014.917    1.0370
  2015.000    1.0469
  2015.083    1.0580
  2015.167    1.0552
  2015.250    1.0477
  2015.333    1.0651
  2015.417    1.0913
  2015.500    1.1163
  2015.583    1.1423
  2015.667    1.1798
  2015.750    1.2108
  2015.833    1.2381
  2015.917    1.2512
  2016.000    1.2516
  2016.083    1.2621
  2016.167    1.2789
  2016.250    1.2850
  2016.333    1.2700
  2016.417    1.2606
  2016.500    1.2353
  2016.583    1.2156
  2016.667    1.1963
  2016.750    1.1824
  2016.833    1.1676
---------------------------
